2.407600000000000018e-01
2.415199999999999847e-01
2.422799999999999954e-01
2.430399999999999783e-01
2.437999999999999889e-01
2.445599999999999996e-01
2.453199999999999825e-01
2.460799999999999932e-01
2.468400000000000039e-01
2.475999999999999868e-01
2.483599999999999974e-01
2.491199999999999803e-01
2.498799999999999910e-01
2.506399999999999739e-01
2.514000000000000123e-01
2.521599999999999953e-01
2.529199999999999782e-01
2.536800000000000166e-01
2.544399999999999995e-01
2.551999999999999824e-01
2.559599999999999653e-01
2.567200000000000037e-01
2.574799999999999867e-01
2.582399999999999696e-01
2.590000000000000080e-01
2.597599999999999909e-01
2.605199999999999738e-01
2.612800000000000122e-01
2.620399999999999952e-01
2.627999999999999781e-01
2.635600000000000165e-01
2.643199999999999994e-01
2.650799999999999823e-01
2.658399999999999652e-01
2.666000000000000036e-01
2.673599999999999866e-01
2.681199999999999695e-01
2.688800000000000079e-01
2.696399999999999908e-01
2.703999999999999737e-01
2.711600000000000121e-01
2.719199999999999950e-01
2.726799999999999780e-01
2.734400000000000164e-01
2.741999999999999993e-01
2.749599999999999822e-01
2.757199999999999651e-01
2.764800000000000035e-01
2.772399999999999864e-01
2.779999999999999694e-01
2.787600000000000078e-01
2.795199999999999907e-01
2.802799999999999736e-01
2.810400000000000120e-01
2.817999999999999949e-01
2.825599999999999778e-01
2.833200000000000163e-01
2.840799999999999992e-01
2.848399999999999821e-01
2.855999999999999650e-01
2.863600000000000034e-01
2.871199999999999863e-01
2.878800000000000248e-01
2.886400000000000077e-01
2.893999999999999906e-01
2.901599999999999735e-01
2.909200000000000119e-01
2.916799999999999948e-01
2.924399999999999777e-01
2.932000000000000162e-01
2.939599999999999991e-01
2.947199999999999820e-01
2.954799999999999649e-01
2.962400000000000033e-01
2.969999999999999862e-01
2.977600000000000247e-01
2.985200000000000076e-01
2.992799999999999905e-01
3.000399999999999734e-01
3.008000000000000118e-01
3.015599999999999947e-01
3.023199999999999776e-01
3.030800000000000161e-01
3.038399999999999990e-01
3.045999999999999819e-01
3.053599999999999648e-01
3.061200000000000032e-01
3.068799999999999861e-01
3.076400000000000245e-01
3.084000000000000075e-01
3.091599999999999904e-01
3.099199999999999733e-01
3.106800000000000117e-01
3.114399999999999946e-01
3.121999999999999775e-01
3.129600000000000160e-01
3.137199999999999989e-01
3.144799999999999818e-01
3.152399999999999647e-01
3.160000000000000031e-01
3.167599999999999860e-01
3.175200000000000244e-01
3.182800000000000074e-01
3.190399999999999903e-01
3.197999999999999732e-01
3.205600000000000116e-01
3.213199999999999945e-01
3.220799999999999774e-01
3.228400000000000158e-01
3.235999999999999988e-01
3.243599999999999817e-01
3.251199999999999646e-01
3.258800000000000030e-01
3.266399999999999859e-01
3.274000000000000243e-01
3.281600000000000072e-01
3.289199999999999902e-01
3.296799999999999731e-01
3.304400000000000115e-01
3.311999999999999944e-01
3.319599999999999773e-01
3.327200000000000157e-01
3.334799999999999986e-01
3.342399999999999816e-01
3.349999999999999645e-01
3.357600000000000029e-01
3.365199999999999858e-01
3.372800000000000242e-01
3.380400000000000071e-01
3.387999999999999901e-01
3.395599999999999730e-01
3.403200000000000114e-01
3.410799999999999943e-01
3.418399999999999772e-01
3.426000000000000156e-01
3.433599999999999985e-01
3.441199999999999815e-01
3.448799999999999644e-01
3.456400000000000028e-01
3.463999999999999857e-01
3.471600000000000241e-01
3.479200000000000070e-01
3.486799999999999899e-01
3.494399999999999729e-01
3.502000000000000113e-01
3.509599999999999942e-01
3.517199999999999771e-01
3.524800000000000155e-01
3.532399999999999984e-01
3.539999999999999813e-01
3.547599999999999643e-01
3.555200000000000027e-01
3.562799999999999856e-01
3.570400000000000240e-01
3.578000000000000069e-01
3.585599999999999898e-01
3.593199999999999728e-01
3.600800000000000112e-01
3.608399999999999941e-01
3.616000000000000325e-01
3.623600000000000154e-01
3.631199999999999983e-01
3.638799999999999812e-01
3.646399999999999642e-01
3.654000000000000026e-01
3.661599999999999855e-01
3.669200000000000239e-01
3.676800000000000068e-01
3.684399999999999897e-01
3.691999999999999726e-01
3.699600000000000111e-01
3.707199999999999940e-01
3.714800000000000324e-01
3.722400000000000153e-01
3.729999999999999982e-01
3.737599999999999811e-01
3.745199999999999640e-01
3.752800000000000025e-01
3.760399999999999854e-01
3.768000000000000238e-01
3.775600000000000067e-01
3.783199999999999896e-01
3.790799999999999725e-01
3.798400000000000110e-01
3.805999999999999939e-01
3.813600000000000323e-01
3.821200000000000152e-01
3.828799999999999981e-01
3.836399999999999810e-01
3.843999999999999639e-01
3.851600000000000024e-01
3.859199999999999853e-01
3.866800000000000237e-01
3.874400000000000066e-01
3.881999999999999895e-01
3.889599999999999724e-01
3.897200000000000109e-01
3.904799999999999938e-01
3.912400000000000322e-01
3.920000000000000151e-01
3.927599999999999980e-01
3.935199999999999809e-01
3.942799999999999638e-01
3.950400000000000023e-01
3.958000000000000407e-01
3.965600000000000236e-01
3.973200000000000065e-01
3.980799999999999894e-01
3.988399999999999723e-01
3.996000000000000107e-01
4.003599999999999937e-01
4.011200000000000321e-01
4.018800000000000150e-01
4.026399999999999979e-01
4.033999999999999808e-01
4.041599999999999637e-01
4.049200000000000021e-01
4.056800000000000406e-01
4.064400000000000235e-01
4.072000000000000064e-01
4.079599999999999893e-01
4.087199999999999722e-01
4.094800000000000106e-01
4.102399999999999936e-01
4.110000000000000320e-01
4.117600000000000149e-01
4.125199999999999978e-01
4.132799999999999807e-01
4.140399999999999636e-01
4.148000000000000020e-01
4.155600000000000405e-01
4.163200000000000234e-01
4.170800000000000063e-01
4.178399999999999892e-01
4.185999999999999721e-01
4.193600000000000105e-01
4.201199999999999934e-01
4.208800000000000319e-01
4.216400000000000148e-01
4.223999999999999977e-01
4.231599999999999806e-01
4.239199999999999635e-01
4.246800000000000019e-01
4.254400000000000404e-01
4.262000000000000233e-01
4.269600000000000062e-01
4.277199999999999891e-01
4.284799999999999720e-01
4.292400000000000104e-01
4.299999999999999933e-01
4.307600000000000318e-01
4.315200000000000147e-01
4.322799999999999976e-01
4.330399999999999805e-01
4.337999999999999634e-01
4.345600000000000018e-01
4.353200000000000403e-01
4.360800000000000232e-01
4.368400000000000061e-01
4.375999999999999890e-01
4.383599999999999719e-01
4.391200000000000103e-01
4.398799999999999932e-01
4.406400000000000317e-01
4.414000000000000146e-01
4.421599999999999975e-01
4.429199999999999804e-01
4.436799999999999633e-01
4.444400000000000017e-01
4.452000000000000401e-01
4.459600000000000231e-01
4.467200000000000060e-01
4.474799999999999889e-01
4.482399999999999718e-01
4.490000000000000102e-01
4.497599999999999931e-01
4.505200000000000315e-01
4.512800000000000145e-01
4.520399999999999974e-01
4.527999999999999803e-01
4.535599999999999632e-01
4.543200000000000016e-01
4.550800000000000400e-01
4.558400000000000230e-01
4.566000000000000059e-01
4.573599999999999888e-01
4.581199999999999717e-01
4.588800000000000101e-01
4.596399999999999930e-01
4.604000000000000314e-01
4.611600000000000144e-01
4.619199999999999973e-01
4.626799999999999802e-01
4.634399999999999631e-01
4.642000000000000015e-01
4.649600000000000399e-01
4.657200000000000228e-01
4.664800000000000058e-01
4.672399999999999887e-01
4.679999999999999716e-01
4.687600000000000100e-01
4.695199999999999929e-01
4.702800000000000313e-01
4.710400000000000142e-01
4.717999999999999972e-01
4.725599999999999801e-01
4.733199999999999630e-01
4.740800000000000014e-01
4.748400000000000398e-01
4.756000000000000227e-01
4.763600000000000056e-01
4.771199999999999886e-01
4.778799999999999715e-01
4.786400000000000099e-01
4.793999999999999928e-01
4.801600000000000312e-01
4.809200000000000141e-01
4.816799999999999971e-01
4.824399999999999800e-01
4.832000000000000184e-01
4.839600000000000013e-01
4.847200000000000397e-01
4.854800000000000226e-01
4.862400000000000055e-01
4.869999999999999885e-01
4.877599999999999714e-01
4.885200000000000098e-01
4.892799999999999927e-01
4.900400000000000311e-01
4.908000000000000140e-01
4.915599999999999969e-01
4.923199999999999799e-01
4.930800000000000183e-01
4.938400000000000012e-01
4.945999999999999841e-01
4.953600000000000225e-01
4.961200000000000054e-01
4.968799999999999883e-01
4.976400000000000268e-01
4.984000000000000097e-01
4.991599999999999926e-01
4.999200000000000310e-01
5.006800000000000139e-01
5.014399999999999968e-01
5.021999999999999797e-01
5.029600000000000737e-01
5.037199999999999456e-01
5.044800000000000395e-01
5.052400000000000224e-01
5.060000000000000053e-01
5.067599999999999882e-01
5.075199999999999712e-01
5.082800000000000651e-01
5.090399999999999370e-01
5.098000000000000309e-01
5.105600000000000138e-01
5.113199999999999967e-01
5.120799999999999796e-01
5.128399999999999626e-01
5.136000000000000565e-01
5.143599999999999284e-01
5.151200000000000223e-01
5.158800000000000052e-01
5.166399999999999881e-01
5.174000000000000821e-01
5.181599999999999540e-01
5.189200000000000479e-01
5.196800000000000308e-01
5.204400000000000137e-01
5.211999999999999966e-01
5.219599999999999795e-01
5.227200000000000735e-01
5.234799999999999454e-01
5.242400000000000393e-01
5.250000000000000222e-01
5.257600000000000051e-01
5.265199999999999880e-01
5.272799999999999709e-01
5.280400000000000649e-01
5.287999999999999368e-01
5.295600000000000307e-01
5.303200000000000136e-01
5.310799999999999965e-01
5.318399999999999794e-01
5.325999999999999623e-01
5.333600000000000563e-01
5.341199999999999282e-01
5.348800000000000221e-01
5.356400000000000050e-01
5.363999999999999879e-01
5.371600000000000819e-01
5.379199999999999537e-01
5.386800000000000477e-01
5.394400000000000306e-01
5.402000000000000135e-01
5.409599999999999964e-01
5.417199999999999793e-01
5.424800000000000733e-01
5.432399999999999451e-01
5.440000000000000391e-01
5.447600000000000220e-01
5.455200000000000049e-01
5.462799999999999878e-01
5.470399999999999707e-01
5.478000000000000647e-01
5.485599999999999365e-01
5.493200000000000305e-01
5.500800000000000134e-01
5.508399999999999963e-01
5.516000000000000902e-01
5.523599999999999621e-01
5.531200000000000561e-01
5.538799999999999280e-01
5.546400000000000219e-01
5.554000000000000048e-01
5.561599999999999877e-01
5.569200000000000816e-01
5.576799999999999535e-01
5.584400000000000475e-01
5.592000000000000304e-01
5.599600000000000133e-01
5.607199999999999962e-01
5.614799999999999791e-01
5.622400000000000730e-01
5.629999999999999449e-01
5.637600000000000389e-01
5.645200000000000218e-01
5.652800000000000047e-01
5.660399999999999876e-01
5.667999999999999705e-01
5.675600000000000644e-01
5.683199999999999363e-01
5.690800000000000303e-01
5.698400000000000132e-01
5.705999999999999961e-01
5.713600000000000900e-01
5.721199999999999619e-01
5.728800000000000558e-01
5.736399999999999277e-01
5.744000000000000217e-01
5.751600000000000046e-01
5.759199999999999875e-01
5.766800000000000814e-01
5.774399999999999533e-01
5.782000000000000473e-01
5.789600000000000302e-01
5.797200000000000131e-01
5.804799999999999960e-01
5.812399999999999789e-01
5.820000000000000728e-01
5.827599999999999447e-01
5.835200000000000387e-01
5.842800000000000216e-01
5.850400000000000045e-01
5.857999999999999874e-01
5.865599999999999703e-01
5.873200000000000642e-01
5.880799999999999361e-01
5.888400000000000301e-01
5.896000000000000130e-01
5.903599999999999959e-01
5.911200000000000898e-01
5.918799999999999617e-01
5.926400000000000556e-01
5.933999999999999275e-01
5.941600000000000215e-01
5.949200000000000044e-01
5.956799999999999873e-01
5.964400000000000812e-01
5.971999999999999531e-01
5.979600000000000470e-01
5.987200000000000299e-01
5.994800000000000129e-01
6.002399999999999958e-01
6.009999999999999787e-01
6.017600000000000726e-01
6.025199999999999445e-01
6.032800000000000384e-01
6.040400000000000214e-01
6.048000000000000043e-01
6.055599999999999872e-01
6.063199999999999701e-01
6.070800000000000640e-01
6.078399999999999359e-01
6.086000000000000298e-01
6.093600000000000128e-01
6.101199999999999957e-01
6.108800000000000896e-01
6.116399999999999615e-01
6.124000000000000554e-01
6.131600000000000383e-01
6.139200000000000212e-01
6.146800000000000042e-01
6.154399999999999871e-01
6.162000000000000810e-01
6.169599999999999529e-01
6.177200000000000468e-01
6.184800000000000297e-01
6.192400000000000126e-01
6.199999999999999956e-01
6.207599999999999785e-01
6.215200000000000724e-01
6.222799999999999443e-01
6.230400000000000382e-01
6.238000000000000211e-01
6.245600000000000041e-01
6.253199999999999870e-01
6.260799999999999699e-01
6.268400000000000638e-01
6.275999999999999357e-01
6.283600000000000296e-01
6.291200000000000125e-01
6.298799999999999955e-01
6.306400000000000894e-01
6.313999999999999613e-01
6.321600000000000552e-01
6.329200000000000381e-01
6.336800000000000210e-01
6.344400000000000039e-01
6.351999999999999869e-01
6.359600000000000808e-01
6.367199999999999527e-01
6.374800000000000466e-01
6.382400000000000295e-01
6.390000000000000124e-01
6.397599999999999953e-01
6.405199999999999783e-01
6.412800000000000722e-01
6.420399999999999441e-01
6.428000000000000380e-01
6.435600000000000209e-01
6.443200000000000038e-01
6.450799999999999867e-01
6.458399999999999697e-01
6.466000000000000636e-01
6.473599999999999355e-01
6.481200000000000294e-01
6.488800000000000123e-01
6.496399999999999952e-01
6.504000000000000892e-01
6.511599999999999611e-01
6.519200000000000550e-01
6.526800000000000379e-01
6.534400000000000208e-01
6.542000000000000037e-01
6.549599999999999866e-01
6.557200000000000806e-01
6.564799999999999525e-01
6.572400000000000464e-01
6.580000000000000293e-01
6.587600000000000122e-01
6.595199999999999951e-01
6.602799999999999780e-01
6.610400000000000720e-01
6.617999999999999439e-01
6.625600000000000378e-01
6.633200000000000207e-01
6.640800000000000036e-01
6.648400000000000976e-01
6.655999999999999694e-01
6.663600000000000634e-01
6.671199999999999353e-01
6.678800000000000292e-01
6.686400000000000121e-01
6.693999999999999950e-01
6.701600000000000890e-01
6.709199999999999608e-01
6.716800000000000548e-01
6.724400000000000377e-01
6.732000000000000206e-01
6.739600000000000035e-01
6.747199999999999864e-01
6.754800000000000804e-01
6.762399999999999523e-01
6.770000000000000462e-01
6.777600000000000291e-01
6.785200000000000120e-01
6.792799999999999949e-01
6.800399999999999778e-01
6.808000000000000718e-01
6.815599999999999437e-01
6.823200000000000376e-01
6.830800000000000205e-01
6.838400000000000034e-01
6.846000000000000973e-01
6.853599999999999692e-01
6.861200000000000632e-01
6.868799999999999351e-01
6.876400000000000290e-01
6.884000000000000119e-01
6.891599999999999948e-01
6.899200000000000887e-01
6.906799999999999606e-01
6.914400000000000546e-01
6.922000000000000375e-01
6.929600000000000204e-01
6.937200000000000033e-01
6.944799999999999862e-01
6.952400000000000801e-01
6.959999999999999520e-01
6.967600000000000460e-01
6.975200000000000289e-01
6.982800000000000118e-01
6.990399999999999947e-01
6.997999999999999776e-01
7.005600000000000716e-01
7.013199999999999434e-01
7.020800000000000374e-01
7.028400000000000203e-01
7.036000000000000032e-01
7.043600000000000971e-01
7.051199999999999690e-01
7.058800000000000630e-01
7.066399999999999348e-01
7.074000000000000288e-01
7.081600000000000117e-01
7.089199999999999946e-01
7.096800000000000885e-01
7.104399999999999604e-01
7.112000000000000544e-01
7.119600000000000373e-01
7.127200000000000202e-01
7.134800000000000031e-01
7.142399999999999860e-01
7.150000000000000799e-01
7.157599999999999518e-01
7.165200000000000458e-01
7.172800000000000287e-01
7.180400000000000116e-01
7.187999999999999945e-01
7.195599999999999774e-01
7.203200000000000713e-01
7.210799999999999432e-01
7.218400000000000372e-01
7.226000000000000201e-01
7.233600000000000030e-01
7.241200000000000969e-01
7.248799999999999688e-01
7.256400000000000627e-01
7.264000000000000457e-01
7.271600000000000286e-01
7.279200000000000115e-01
7.286799999999999944e-01
7.294400000000000883e-01
7.301999999999999602e-01
7.309600000000000541e-01
7.317200000000000371e-01
7.324800000000000200e-01
7.332400000000000029e-01
7.339999999999999858e-01
7.347600000000000797e-01
7.355199999999999516e-01
7.362800000000000455e-01
7.370400000000000285e-01
7.378000000000000114e-01
7.385599999999999943e-01
7.393199999999999772e-01
7.400800000000000711e-01
7.408400000000000540e-01
7.416000000000000369e-01
7.423600000000000199e-01
7.431200000000000028e-01
7.438799999999999857e-01
7.446399999999999686e-01
7.454000000000000625e-01
7.461600000000000454e-01
7.469200000000000284e-01
7.476800000000000113e-01
7.484399999999999942e-01
7.491999999999999771e-01
7.499600000000000710e-01
7.507200000000000539e-01
7.514800000000000368e-01
7.522400000000000198e-01
7.530000000000000027e-01
7.537599999999999856e-01
7.545199999999999685e-01
7.552800000000000624e-01
7.560400000000000453e-01
7.568000000000000282e-01
7.575600000000000112e-01
7.583199999999999941e-01
7.590799999999999770e-01
7.598400000000000709e-01
7.606000000000000538e-01
7.613600000000000367e-01
7.621200000000000196e-01
7.628800000000000026e-01
7.636399999999999855e-01
7.643999999999999684e-01
7.651600000000000623e-01
7.659200000000000452e-01
7.666800000000000281e-01
7.674400000000000110e-01
7.681999999999999940e-01
7.689599999999999769e-01
7.697200000000000708e-01
7.704800000000000537e-01
7.712400000000000366e-01
7.720000000000000195e-01
7.727600000000000025e-01
7.735199999999999854e-01
7.742799999999999683e-01
7.750400000000000622e-01
7.758000000000000451e-01
7.765600000000000280e-01
7.773200000000000109e-01
7.780799999999999939e-01
7.788399999999999768e-01
7.796000000000000707e-01
7.803600000000000536e-01
7.811200000000000365e-01
7.818800000000000194e-01
7.826400000000000023e-01
7.833999999999999853e-01
7.841599999999999682e-01
7.849200000000000621e-01
7.856800000000000450e-01
7.864400000000000279e-01
7.872000000000000108e-01
7.879599999999999937e-01
7.887199999999999767e-01
7.894800000000000706e-01
7.902400000000000535e-01
7.910000000000000364e-01
7.917600000000000193e-01
7.925200000000000022e-01
7.932799999999999851e-01
7.940399999999999681e-01
7.948000000000000620e-01
7.955600000000000449e-01
7.963200000000000278e-01
7.970800000000000107e-01
7.978399999999999936e-01
7.985999999999999766e-01
7.993600000000000705e-01
8.001200000000000534e-01
8.008800000000000363e-01
8.016400000000000192e-01
8.024000000000000021e-01
8.031599999999999850e-01
8.039199999999999680e-01
8.046800000000000619e-01
8.054400000000000448e-01
8.062000000000000277e-01
8.069600000000000106e-01
8.077199999999999935e-01
8.084799999999999764e-01
8.092400000000000704e-01
8.100000000000000533e-01
8.107600000000000362e-01
8.115200000000000191e-01
8.122800000000000020e-01
8.130399999999999849e-01
8.137999999999999678e-01
8.145600000000000618e-01
8.153200000000000447e-01
8.160800000000000276e-01
8.168400000000000105e-01
8.175999999999999934e-01
8.183599999999999763e-01
8.191200000000000703e-01
8.198800000000000532e-01
8.206400000000000361e-01
8.214000000000000190e-01
8.221600000000000019e-01
8.229199999999999848e-01
8.236799999999999677e-01
8.244400000000000617e-01
8.252000000000000446e-01
8.259600000000000275e-01
8.267200000000000104e-01
8.274799999999999933e-01
8.282399999999999762e-01
8.290000000000000702e-01
8.297600000000000531e-01
8.305200000000000360e-01
8.312800000000000189e-01
8.320400000000000018e-01
8.327999999999999847e-01
8.335600000000000787e-01
8.343200000000000616e-01
8.350800000000000445e-01
8.358400000000000274e-01
8.366000000000000103e-01
8.373599999999999932e-01
8.381199999999999761e-01
8.388800000000000701e-01
8.396400000000000530e-01
8.404000000000000359e-01
8.411600000000000188e-01
8.419200000000000017e-01
8.426799999999999846e-01
8.434400000000000786e-01
8.442000000000000615e-01
8.449600000000000444e-01
8.457200000000000273e-01
8.464800000000000102e-01
8.472399999999999931e-01
8.479999999999999760e-01
8.487600000000000700e-01
8.495200000000000529e-01
8.502800000000000358e-01
8.510400000000000187e-01
8.518000000000000016e-01
8.525599999999999845e-01
8.533200000000000784e-01
8.540800000000000614e-01
8.548400000000000443e-01
8.556000000000000272e-01
8.563600000000000101e-01
8.571199999999999930e-01
8.578799999999999759e-01
8.586400000000000698e-01
8.594000000000000528e-01
8.601600000000000357e-01
8.609200000000000186e-01
8.616800000000000015e-01
8.624399999999999844e-01
8.632000000000000783e-01
8.639600000000000612e-01
8.647200000000000442e-01
8.654800000000000271e-01
8.662400000000000100e-01
8.669999999999999929e-01
8.677599999999999758e-01
8.685200000000000697e-01
8.692800000000000527e-01
8.700400000000000356e-01
8.708000000000000185e-01
8.715600000000000014e-01
8.723199999999999843e-01
8.730800000000000782e-01
8.738400000000000611e-01
8.746000000000000441e-01
8.753600000000000270e-01
8.761200000000000099e-01
8.768799999999999928e-01
8.776399999999999757e-01
8.784000000000000696e-01
8.791600000000000525e-01
8.799200000000000355e-01
8.806800000000000184e-01
8.814400000000000013e-01
8.821999999999999842e-01
8.829600000000000781e-01
8.837200000000000610e-01
8.844800000000000439e-01
8.852400000000000269e-01
8.860000000000000098e-01
8.867599999999999927e-01
8.875199999999999756e-01
8.882800000000000695e-01
8.890400000000000524e-01
8.898000000000000353e-01
8.905600000000000183e-01
8.913200000000000012e-01
8.920799999999999841e-01
8.928400000000000780e-01
8.936000000000000609e-01
8.943600000000000438e-01
8.951200000000000268e-01
8.958800000000000097e-01
8.966399999999999926e-01
8.973999999999999755e-01
8.981600000000000694e-01
8.989200000000000523e-01
8.996800000000000352e-01
9.004400000000000182e-01
9.012000000000000011e-01
9.019599999999999840e-01
9.027200000000000779e-01
9.034800000000000608e-01
9.042400000000000437e-01
9.050000000000000266e-01
9.057600000000000096e-01
9.065199999999999925e-01
9.072799999999999754e-01
9.080400000000000693e-01
9.088000000000000522e-01
9.095600000000000351e-01
9.103200000000000180e-01
9.110800000000000010e-01
9.118399999999999839e-01
9.126000000000000778e-01
9.133600000000000607e-01
9.141200000000000436e-01
9.148800000000000265e-01
9.156400000000000095e-01
9.163999999999999924e-01
9.171599999999999753e-01
9.179200000000000692e-01
9.186800000000000521e-01
9.194400000000000350e-01
9.202000000000000179e-01
9.209600000000000009e-01
9.217199999999999838e-01
9.224800000000000777e-01
9.232400000000000606e-01
9.240000000000000435e-01
9.247600000000000264e-01
9.255200000000000093e-01
9.262799999999999923e-01
9.270399999999999752e-01
9.278000000000000691e-01
9.285600000000000520e-01
9.293200000000000349e-01
9.300800000000000178e-01
9.308400000000000007e-01
9.315999999999999837e-01
9.323600000000000776e-01
9.331200000000000605e-01
9.338800000000000434e-01
9.346400000000000263e-01
9.354000000000000092e-01
9.361599999999999921e-01
9.369199999999999751e-01
9.376800000000000690e-01
9.384400000000000519e-01
9.392000000000000348e-01
9.399600000000000177e-01
9.407200000000000006e-01
9.414799999999999836e-01
9.422400000000000775e-01
9.430000000000000604e-01
9.437600000000000433e-01
9.445200000000000262e-01
9.452800000000000091e-01
9.460399999999999920e-01
9.467999999999999750e-01
9.475600000000000689e-01
9.483200000000000518e-01
9.490800000000000347e-01
9.498400000000000176e-01
9.506000000000000005e-01
9.513599999999999834e-01
9.521200000000000774e-01
9.528800000000000603e-01
9.536400000000000432e-01
9.544000000000000261e-01
9.551600000000000090e-01
9.559199999999999919e-01
9.566800000000000859e-01
9.574400000000000688e-01
9.582000000000000517e-01
9.589600000000000346e-01
9.597200000000000175e-01
9.604800000000000004e-01
9.612399999999999833e-01
9.620000000000000773e-01
9.627600000000000602e-01
9.635200000000000431e-01
9.642800000000000260e-01
9.650400000000000089e-01
9.657999999999999918e-01
9.665600000000000858e-01
9.673200000000000687e-01
9.680800000000000516e-01
9.688400000000000345e-01
9.696000000000000174e-01
9.703600000000000003e-01
9.711199999999999832e-01
9.718800000000000772e-01
9.726400000000000601e-01
9.734000000000000430e-01
9.741600000000000259e-01
9.749200000000000088e-01
9.756799999999999917e-01
9.764400000000000857e-01
9.772000000000000686e-01
9.779600000000000515e-01
9.787200000000000344e-01
9.794800000000000173e-01
9.802400000000000002e-01
9.809999999999999831e-01
9.817600000000000771e-01
9.825200000000000600e-01
9.832800000000000429e-01
9.840400000000000258e-01
9.848000000000000087e-01
9.855599999999999916e-01
9.863200000000000855e-01
9.870800000000000685e-01
9.878400000000000514e-01
9.886000000000000343e-01
9.893600000000000172e-01
9.901200000000000001e-01
9.908799999999999830e-01
9.916400000000000770e-01
9.924000000000000599e-01
9.931600000000000428e-01
9.939200000000000257e-01
9.946800000000000086e-01
9.954399999999999915e-01
9.962000000000000854e-01
9.969600000000000684e-01
9.977200000000000513e-01
9.984800000000000342e-01
9.992400000000000171e-01
1.000000000000000000e+00
