2.107900000000000051e-01
2.115799999999999903e-01
2.123700000000000032e-01
2.131599999999999884e-01
2.139500000000000013e-01
2.147399999999999864e-01
2.155299999999999994e-01
2.163199999999999845e-01
2.171099999999999974e-01
2.178999999999999826e-01
2.186899999999999955e-01
2.194799999999999807e-01
2.202699999999999936e-01
2.210599999999999787e-01
2.218499999999999917e-01
2.226400000000000046e-01
2.234299999999999897e-01
2.242200000000000026e-01
2.250099999999999878e-01
2.258000000000000007e-01
2.265899999999999859e-01
2.273799999999999988e-01
2.281699999999999839e-01
2.289599999999999969e-01
2.297499999999999820e-01
2.305399999999999949e-01
2.313299999999999801e-01
2.321199999999999930e-01
2.329100000000000059e-01
2.336999999999999911e-01
2.344900000000000040e-01
2.352799999999999891e-01
2.360700000000000021e-01
2.368599999999999872e-01
2.376500000000000001e-01
2.384399999999999853e-01
2.392299999999999982e-01
2.400199999999999834e-01
2.408099999999999963e-01
2.415999999999999814e-01
2.423899999999999944e-01
2.431800000000000073e-01
2.439699999999999924e-01
2.447599999999999776e-01
2.455499999999999905e-01
2.463400000000000034e-01
2.471299999999999886e-01
2.479200000000000015e-01
2.487099999999999866e-01
2.494999999999999996e-01
2.502900000000000125e-01
2.510799999999999699e-01
2.518699999999999828e-01
2.526599999999999957e-01
2.534500000000000086e-01
2.542400000000000215e-01
2.550299999999999789e-01
2.558199999999999918e-01
2.566100000000000048e-01
2.573999999999999622e-01
2.581899999999999751e-01
2.589799999999999880e-01
2.597700000000000009e-01
2.605600000000000138e-01
2.613499999999999712e-01
2.621399999999999841e-01
2.629299999999999971e-01
2.637200000000000100e-01
2.645100000000000229e-01
2.652999999999999803e-01
2.660899999999999932e-01
2.668800000000000061e-01
2.676699999999999635e-01
2.684599999999999764e-01
2.692499999999999893e-01
2.700400000000000023e-01
2.708300000000000152e-01
2.716199999999999726e-01
2.724099999999999855e-01
2.731999999999999984e-01
2.739900000000000113e-01
2.747800000000000242e-01
2.755699999999999816e-01
2.763599999999999945e-01
2.771500000000000075e-01
2.779399999999999649e-01
2.787299999999999778e-01
2.795199999999999907e-01
2.803100000000000036e-01
2.811000000000000165e-01
2.818899999999999739e-01
2.826799999999999868e-01
2.834699999999999998e-01
2.842600000000000127e-01
2.850500000000000256e-01
2.858399999999999830e-01
2.866299999999999959e-01
2.874200000000000088e-01
2.882099999999999662e-01
2.889999999999999791e-01
2.897899999999999920e-01
2.905800000000000050e-01
2.913700000000000179e-01
2.921599999999999753e-01
2.929499999999999882e-01
2.937400000000000011e-01
2.945300000000000140e-01
2.953200000000000269e-01
2.961099999999999843e-01
2.968999999999999972e-01
2.976900000000000102e-01
2.984799999999999676e-01
2.992699999999999805e-01
3.000599999999999934e-01
3.008500000000000063e-01
3.016400000000000192e-01
3.024299999999999766e-01
3.032199999999999895e-01
3.040100000000000025e-01
3.047999999999999599e-01
3.055900000000000283e-01
3.063799999999999857e-01
3.071699999999999986e-01
3.079600000000000115e-01
3.087499999999999689e-01
3.095399999999999818e-01
3.103299999999999947e-01
3.111200000000000077e-01
3.119100000000000206e-01
3.126999999999999780e-01
3.134899999999999909e-01
3.142800000000000038e-01
3.150699999999999612e-01
3.158599999999999741e-01
3.166499999999999870e-01
3.174399999999999999e-01
3.182300000000000129e-01
3.190199999999999703e-01
3.198099999999999832e-01
3.205999999999999961e-01
3.213900000000000090e-01
3.221800000000000219e-01
3.229699999999999793e-01
3.237599999999999922e-01
3.245500000000000052e-01
3.253399999999999626e-01
3.261299999999999755e-01
3.269199999999999884e-01
3.277100000000000013e-01
3.285000000000000142e-01
3.292899999999999716e-01
3.300799999999999845e-01
3.308699999999999974e-01
3.316600000000000104e-01
3.324500000000000233e-01
3.332399999999999807e-01
3.340299999999999936e-01
3.348200000000000065e-01
3.356099999999999639e-01
3.364000000000000323e-01
3.371899999999999897e-01
3.379800000000000026e-01
3.387700000000000156e-01
3.395599999999999730e-01
3.403499999999999859e-01
3.411399999999999988e-01
3.419299999999999562e-01
3.427200000000000246e-01
3.435099999999999820e-01
3.442999999999999949e-01
3.450900000000000079e-01
3.458799999999999653e-01
3.466700000000000337e-01
3.474599999999999911e-01
3.482500000000000040e-01
3.490400000000000169e-01
3.498299999999999743e-01
3.506199999999999872e-01
3.514100000000000001e-01
3.521999999999999575e-01
3.529900000000000260e-01
3.537799999999999834e-01
3.545699999999999963e-01
3.553600000000000092e-01
3.561499999999999666e-01
3.569400000000000350e-01
3.577299999999999924e-01
3.585200000000000053e-01
3.593100000000000183e-01
3.600999999999999757e-01
3.608899999999999886e-01
3.616800000000000015e-01
3.624699999999999589e-01
3.632600000000000273e-01
3.640499999999999847e-01
3.648399999999999976e-01
3.656300000000000106e-01
3.664199999999999680e-01
3.672099999999999809e-01
3.679999999999999938e-01
3.687900000000000067e-01
3.695800000000000196e-01
3.703699999999999770e-01
3.711599999999999899e-01
3.719500000000000028e-01
3.727399999999999602e-01
3.735300000000000287e-01
3.743199999999999861e-01
3.751099999999999990e-01
3.759000000000000119e-01
3.766899999999999693e-01
3.774799999999999822e-01
3.782699999999999951e-01
3.790600000000000080e-01
3.798500000000000210e-01
3.806399999999999784e-01
3.814299999999999913e-01
3.822200000000000042e-01
3.830099999999999616e-01
3.838000000000000300e-01
3.845899999999999874e-01
3.853800000000000003e-01
3.861700000000000133e-01
3.869599999999999707e-01
3.877499999999999836e-01
3.885399999999999965e-01
3.893299999999999539e-01
3.901200000000000223e-01
3.909099999999999797e-01
3.916999999999999926e-01
3.924900000000000055e-01
3.932799999999999629e-01
3.940700000000000314e-01
3.948599999999999888e-01
3.956500000000000017e-01
3.964400000000000146e-01
3.972299999999999720e-01
3.980199999999999849e-01
3.988099999999999978e-01
3.995999999999999552e-01
4.003900000000000237e-01
4.011799999999999811e-01
4.019699999999999940e-01
4.027600000000000069e-01
4.035499999999999643e-01
4.043400000000000327e-01
4.051299999999999901e-01
4.059200000000000030e-01
4.067100000000000160e-01
4.074999999999999734e-01
4.082899999999999863e-01
4.090799999999999992e-01
4.098699999999999566e-01
4.106600000000000250e-01
4.114499999999999824e-01
4.122399999999999953e-01
4.130300000000000082e-01
4.138199999999999656e-01
4.146100000000000341e-01
4.153999999999999915e-01
4.161900000000000044e-01
4.169800000000000173e-01
4.177699999999999747e-01
4.185599999999999876e-01
4.193500000000000005e-01
4.201399999999999579e-01
4.209300000000000264e-01
4.217199999999999838e-01
4.225099999999999967e-01
4.233000000000000096e-01
4.240899999999999670e-01
4.248800000000000354e-01
4.256699999999999928e-01
4.264600000000000057e-01
4.272500000000000187e-01
4.280399999999999761e-01
4.288299999999999890e-01
4.296200000000000019e-01
4.304099999999999593e-01
4.312000000000000277e-01
4.319899999999999851e-01
4.327799999999999980e-01
4.335700000000000109e-01
4.343599999999999683e-01
4.351500000000000368e-01
4.359399999999999942e-01
4.367300000000000071e-01
4.375200000000000200e-01
4.383099999999999774e-01
4.390999999999999903e-01
4.398900000000000032e-01
4.406799999999999606e-01
4.414700000000000291e-01
4.422599999999999865e-01
4.430499999999999994e-01
4.438400000000000123e-01
4.446299999999999697e-01
4.454199999999999826e-01
4.462099999999999955e-01
4.470000000000000084e-01
4.477900000000000214e-01
4.485799999999999788e-01
4.493699999999999917e-01
4.501600000000000046e-01
4.509499999999999620e-01
4.517400000000000304e-01
4.525299999999999878e-01
4.533200000000000007e-01
4.541100000000000136e-01
4.548999999999999710e-01
4.556899999999999840e-01
4.564799999999999969e-01
4.572700000000000098e-01
4.580600000000000227e-01
4.588499999999999801e-01
4.596399999999999930e-01
4.604300000000000059e-01
4.612199999999999633e-01
4.620100000000000318e-01
4.627999999999999892e-01
4.635899999999999466e-01
4.643800000000000150e-01
4.651699999999999724e-01
4.659600000000000408e-01
4.667499999999999982e-01
4.675399999999999556e-01
4.683300000000000241e-01
4.691199999999999815e-01
4.699100000000000499e-01
4.707000000000000073e-01
4.714899999999999647e-01
4.722800000000000331e-01
4.730699999999999905e-01
4.738599999999999479e-01
4.746500000000000163e-01
4.754399999999999737e-01
4.762300000000000422e-01
4.770199999999999996e-01
4.778099999999999570e-01
4.786000000000000254e-01
4.793899999999999828e-01
4.801800000000000512e-01
4.809700000000000086e-01
4.817599999999999660e-01
4.825500000000000345e-01
4.833399999999999919e-01
4.841299999999999493e-01
4.849200000000000177e-01
4.857099999999999751e-01
4.865000000000000435e-01
4.872900000000000009e-01
4.880799999999999583e-01
4.888700000000000268e-01
4.896599999999999842e-01
4.904499999999999416e-01
4.912400000000000100e-01
4.920299999999999674e-01
4.928200000000000358e-01
4.936099999999999932e-01
4.943999999999999506e-01
4.951900000000000190e-01
4.959799999999999764e-01
4.967700000000000449e-01
4.975600000000000023e-01
4.983499999999999597e-01
4.991400000000000281e-01
4.999299999999999855e-01
5.007199999999999429e-01
5.015100000000000113e-01
5.022999999999999687e-01
5.030900000000000372e-01
5.038799999999999946e-01
5.046699999999999520e-01
5.054600000000000204e-01
5.062499999999999778e-01
5.070400000000000462e-01
5.078300000000000036e-01
5.086199999999999610e-01
5.094100000000000295e-01
5.101999999999999869e-01
5.109899999999999443e-01
5.117800000000000127e-01
5.125699999999999701e-01
5.133600000000000385e-01
5.141499999999999959e-01
5.149399999999999533e-01
5.157300000000000217e-01
5.165199999999999791e-01
5.173100000000000476e-01
5.181000000000000050e-01
5.188899999999999624e-01
5.196800000000000308e-01
5.204699999999999882e-01
5.212599999999999456e-01
5.220500000000000140e-01
5.228399999999999714e-01
5.236300000000000399e-01
5.244199999999999973e-01
5.252099999999999547e-01
5.260000000000000231e-01
5.267899999999999805e-01
5.275800000000000489e-01
5.283700000000000063e-01
5.291599999999999637e-01
5.299500000000000322e-01
5.307399999999999896e-01
5.315299999999999470e-01
5.323200000000000154e-01
5.331099999999999728e-01
5.339000000000000412e-01
5.346899999999999986e-01
5.354799999999999560e-01
5.362700000000000244e-01
5.370599999999999818e-01
5.378500000000000503e-01
5.386400000000000077e-01
5.394299999999999651e-01
5.402200000000000335e-01
5.410099999999999909e-01
5.417999999999999483e-01
5.425900000000000167e-01
5.433799999999999741e-01
5.441700000000000426e-01
5.449600000000000000e-01
5.457499999999999574e-01
5.465400000000000258e-01
5.473299999999999832e-01
5.481200000000000516e-01
5.489100000000000090e-01
5.496999999999999664e-01
5.504900000000000349e-01
5.512799999999999923e-01
5.520699999999999497e-01
5.528600000000000181e-01
5.536499999999999755e-01
5.544400000000000439e-01
5.552300000000000013e-01
5.560199999999999587e-01
5.568100000000000271e-01
5.575999999999999845e-01
5.583900000000000530e-01
5.591800000000000104e-01
5.599699999999999678e-01
5.607600000000000362e-01
5.615499999999999936e-01
5.623399999999999510e-01
5.631300000000000194e-01
5.639199999999999768e-01
5.647100000000000453e-01
5.655000000000000027e-01
5.662899999999999601e-01
5.670800000000000285e-01
5.678699999999999859e-01
5.686599999999999433e-01
5.694500000000000117e-01
5.702399999999999691e-01
5.710300000000000376e-01
5.718199999999999950e-01
5.726099999999999524e-01
5.734000000000000208e-01
5.741899999999999782e-01
5.749800000000000466e-01
5.757700000000000040e-01
5.765599999999999614e-01
5.773500000000000298e-01
5.781399999999999872e-01
5.789299999999999446e-01
5.797200000000000131e-01
5.805099999999999705e-01
5.813000000000000389e-01
5.820899999999999963e-01
5.828799999999999537e-01
5.836700000000000221e-01
5.844599999999999795e-01
5.852500000000000480e-01
5.860400000000000054e-01
5.868299999999999628e-01
5.876200000000000312e-01
5.884099999999999886e-01
5.891999999999999460e-01
5.899900000000000144e-01
5.907799999999999718e-01
5.915700000000000403e-01
5.923599999999999977e-01
5.931499999999999551e-01
5.939400000000000235e-01
5.947299999999999809e-01
5.955200000000000493e-01
5.963100000000000067e-01
5.970999999999999641e-01
5.978900000000000325e-01
5.986799999999999899e-01
5.994699999999999473e-01
6.002600000000000158e-01
6.010499999999999732e-01
6.018400000000000416e-01
6.026299999999999990e-01
6.034199999999999564e-01
6.042100000000000248e-01
6.049999999999999822e-01
6.057900000000000507e-01
6.065800000000000081e-01
6.073699999999999655e-01
6.081600000000000339e-01
6.089499999999999913e-01
6.097399999999999487e-01
6.105300000000000171e-01
6.113199999999999745e-01
6.121100000000000430e-01
6.129000000000000004e-01
6.136899999999999578e-01
6.144800000000000262e-01
6.152699999999999836e-01
6.160600000000000520e-01
6.168500000000000094e-01
6.176399999999999668e-01
6.184300000000000352e-01
6.192199999999999926e-01
6.200099999999999500e-01
6.208000000000000185e-01
6.215899999999999759e-01
6.223800000000000443e-01
6.231700000000000017e-01
6.239599999999999591e-01
6.247500000000000275e-01
6.255399999999999849e-01
6.263300000000000534e-01
6.271200000000000108e-01
6.279099999999999682e-01
6.287000000000000366e-01
6.294899999999999940e-01
6.302799999999999514e-01
6.310700000000000198e-01
6.318599999999999772e-01
6.326500000000000457e-01
6.334400000000000031e-01
6.342299999999999605e-01
6.350200000000000289e-01
6.358099999999999863e-01
6.365999999999999437e-01
6.373900000000000121e-01
6.381799999999999695e-01
6.389700000000000379e-01
6.397599999999999953e-01
6.405499999999999527e-01
6.413400000000000212e-01
6.421299999999999786e-01
6.429200000000000470e-01
6.437100000000000044e-01
6.444999999999999618e-01
6.452900000000000302e-01
6.460799999999999876e-01
6.468699999999999450e-01
6.476600000000000135e-01
6.484499999999999709e-01
6.492400000000000393e-01
6.500299999999999967e-01
6.508199999999999541e-01
6.516100000000000225e-01
6.523999999999999799e-01
6.531900000000000484e-01
6.539800000000000058e-01
6.547699999999999632e-01
6.555600000000000316e-01
6.563499999999999890e-01
6.571399999999999464e-01
6.579300000000000148e-01
6.587199999999999722e-01
6.595100000000000406e-01
6.602999999999999980e-01
6.610899999999999554e-01
6.618800000000000239e-01
6.626699999999999813e-01
6.634600000000000497e-01
6.642500000000000071e-01
6.650399999999999645e-01
6.658300000000000329e-01
6.666199999999999903e-01
6.674099999999999477e-01
6.682000000000000162e-01
6.689899999999999736e-01
6.697800000000000420e-01
6.705699999999999994e-01
6.713599999999999568e-01
6.721500000000000252e-01
6.729399999999999826e-01
6.737300000000000511e-01
6.745200000000000085e-01
6.753099999999999659e-01
6.761000000000000343e-01
6.768899999999999917e-01
6.776799999999999491e-01
6.784700000000000175e-01
6.792599999999999749e-01
6.800500000000000433e-01
6.808400000000000007e-01
6.816299999999999581e-01
6.824200000000000266e-01
6.832099999999999840e-01
6.840000000000000524e-01
6.847900000000000098e-01
6.855799999999999672e-01
6.863700000000000356e-01
6.871599999999999930e-01
6.879499999999999504e-01
6.887400000000000189e-01
6.895299999999999763e-01
6.903200000000000447e-01
6.911100000000000021e-01
6.918999999999999595e-01
6.926900000000000279e-01
6.934799999999999853e-01
6.942700000000000538e-01
6.950600000000000112e-01
6.958499999999999686e-01
6.966400000000000370e-01
6.974299999999999944e-01
6.982199999999999518e-01
6.990100000000000202e-01
6.997999999999999776e-01
7.005900000000000460e-01
7.013800000000000034e-01
7.021699999999999608e-01
7.029600000000000293e-01
7.037499999999999867e-01
7.045400000000000551e-01
7.053300000000000125e-01
7.061199999999999699e-01
7.069100000000000383e-01
7.076999999999999957e-01
7.084899999999999531e-01
7.092800000000000216e-01
7.100699999999999790e-01
7.108599999999999364e-01
7.116500000000000048e-01
7.124399999999999622e-01
7.132299999999999196e-01
7.140199999999999880e-01
7.148099999999999454e-01
7.156000000000000139e-01
7.163899999999999713e-01
7.171799999999999287e-01
7.179699999999999971e-01
7.187599999999999545e-01
7.195500000000000229e-01
7.203399999999999803e-01
7.211299999999999377e-01
7.219200000000000061e-01
7.227099999999999635e-01
7.234999999999999210e-01
7.242899999999999894e-01
7.250799999999999468e-01
7.258700000000000152e-01
7.266599999999999726e-01
7.274499999999999300e-01
7.282399999999999984e-01
7.290299999999999558e-01
7.298200000000000243e-01
7.306099999999999817e-01
7.313999999999999391e-01
7.321900000000000075e-01
7.329799999999999649e-01
7.337699999999999223e-01
7.345599999999999907e-01
7.353499999999999481e-01
7.361400000000000166e-01
7.369299999999999740e-01
7.377199999999999314e-01
7.385099999999999998e-01
7.392999999999999572e-01
7.400900000000000256e-01
7.408799999999999830e-01
7.416699999999999404e-01
7.424600000000000088e-01
7.432499999999999662e-01
7.440399999999999237e-01
7.448299999999999921e-01
7.456199999999999495e-01
7.464100000000000179e-01
7.471999999999999753e-01
7.479899999999999327e-01
7.487800000000000011e-01
7.495699999999999585e-01
7.503600000000000270e-01
7.511499999999999844e-01
7.519399999999999418e-01
7.527300000000000102e-01
7.535199999999999676e-01
7.543099999999999250e-01
7.550999999999999934e-01
7.558899999999999508e-01
7.566800000000000193e-01
7.574699999999999767e-01
7.582599999999999341e-01
7.590500000000000025e-01
7.598399999999999599e-01
7.606300000000000283e-01
7.614199999999999857e-01
7.622099999999999431e-01
7.630000000000000115e-01
7.637899999999999689e-01
7.645799999999999264e-01
7.653699999999999948e-01
7.661599999999999522e-01
7.669500000000000206e-01
7.677399999999999780e-01
7.685299999999999354e-01
7.693200000000000038e-01
7.701099999999999612e-01
7.708999999999999186e-01
7.716899999999999871e-01
7.724799999999999445e-01
7.732700000000000129e-01
7.740599999999999703e-01
7.748499999999999277e-01
7.756399999999999961e-01
7.764299999999999535e-01
7.772200000000000220e-01
7.780099999999999794e-01
7.787999999999999368e-01
7.795900000000000052e-01
7.803799999999999626e-01
7.811699999999999200e-01
7.819599999999999884e-01
7.827499999999999458e-01
7.835400000000000142e-01
7.843299999999999716e-01
7.851199999999999291e-01
7.859099999999999975e-01
7.866999999999999549e-01
7.874900000000000233e-01
7.882799999999999807e-01
7.890699999999999381e-01
7.898600000000000065e-01
7.906499999999999639e-01
7.914399999999999213e-01
7.922299999999999898e-01
7.930199999999999472e-01
7.938100000000000156e-01
7.945999999999999730e-01
7.953899999999999304e-01
7.961799999999999988e-01
7.969699999999999562e-01
7.977600000000000247e-01
7.985499999999999821e-01
7.993399999999999395e-01
8.001300000000000079e-01
8.009199999999999653e-01
8.017099999999999227e-01
8.024999999999999911e-01
8.032899999999999485e-01
8.040800000000000169e-01
8.048699999999999743e-01
8.056599999999999318e-01
8.064500000000000002e-01
8.072399999999999576e-01
8.080300000000000260e-01
8.088199999999999834e-01
8.096099999999999408e-01
8.104000000000000092e-01
8.111899999999999666e-01
8.119799999999999240e-01
8.127699999999999925e-01
8.135599999999999499e-01
8.143500000000000183e-01
8.151399999999999757e-01
8.159299999999999331e-01
8.167200000000000015e-01
8.175099999999999589e-01
8.183000000000000274e-01
8.190899999999999848e-01
8.198799999999999422e-01
8.206700000000000106e-01
8.214599999999999680e-01
8.222499999999999254e-01
8.230399999999999938e-01
8.238299999999999512e-01
8.246200000000000196e-01
8.254099999999999770e-01
8.261999999999999345e-01
8.269900000000000029e-01
8.277799999999999603e-01
8.285700000000000287e-01
8.293599999999999861e-01
8.301499999999999435e-01
8.309400000000000119e-01
8.317299999999999693e-01
8.325199999999999267e-01
8.333099999999999952e-01
8.340999999999999526e-01
8.348900000000000210e-01
8.356799999999999784e-01
8.364699999999999358e-01
8.372600000000000042e-01
8.380499999999999616e-01
8.388399999999999190e-01
8.396299999999999875e-01
8.404199999999999449e-01
8.412100000000000133e-01
8.419999999999999707e-01
8.427899999999999281e-01
8.435799999999999965e-01
8.443699999999999539e-01
8.451600000000000223e-01
8.459499999999999797e-01
8.467399999999999372e-01
8.475300000000000056e-01
8.483199999999999630e-01
8.491099999999999204e-01
8.498999999999999888e-01
8.506899999999999462e-01
8.514800000000000146e-01
8.522699999999999720e-01
8.530599999999999294e-01
8.538499999999999979e-01
8.546399999999999553e-01
8.554300000000000237e-01
8.562199999999999811e-01
8.570099999999999385e-01
8.578000000000000069e-01
8.585899999999999643e-01
8.593799999999999217e-01
8.601699999999999902e-01
8.609599999999999476e-01
8.617500000000000160e-01
8.625399999999999734e-01
8.633299999999999308e-01
8.641199999999999992e-01
8.649099999999999566e-01
8.657000000000000250e-01
8.664899999999999824e-01
8.672799999999999399e-01
8.680700000000000083e-01
8.688599999999999657e-01
8.696499999999999231e-01
8.704399999999999915e-01
8.712299999999999489e-01
8.720200000000000173e-01
8.728099999999999747e-01
8.735999999999999321e-01
8.743900000000000006e-01
8.751799999999999580e-01
8.759700000000000264e-01
8.767599999999999838e-01
8.775499999999999412e-01
8.783400000000000096e-01
8.791299999999999670e-01
8.799199999999999244e-01
8.807099999999999929e-01
8.814999999999999503e-01
8.822900000000000187e-01
8.830799999999999761e-01
8.838699999999999335e-01
8.846600000000000019e-01
8.854499999999999593e-01
8.862400000000000277e-01
8.870299999999999851e-01
8.878199999999999426e-01
8.886100000000000110e-01
8.893999999999999684e-01
8.901899999999999258e-01
8.909799999999999942e-01
8.917699999999999516e-01
8.925600000000000200e-01
8.933499999999999774e-01
8.941399999999999348e-01
8.949300000000000033e-01
8.957199999999999607e-01
8.965100000000000291e-01
8.972999999999999865e-01
8.980899999999999439e-01
8.988800000000000123e-01
8.996699999999999697e-01
9.004599999999999271e-01
9.012499999999999956e-01
9.020399999999999530e-01
9.028300000000000214e-01
9.036199999999999788e-01
9.044099999999999362e-01
9.052000000000000046e-01
9.059899999999999620e-01
9.067800000000000304e-01
9.075699999999999878e-01
9.083599999999999453e-01
9.091500000000000137e-01
9.099399999999999711e-01
9.107299999999999285e-01
9.115199999999999969e-01
9.123099999999999543e-01
9.131000000000000227e-01
9.138899999999999801e-01
9.146799999999999375e-01
9.154700000000000060e-01
9.162599999999999634e-01
9.170499999999999208e-01
9.178399999999999892e-01
9.186299999999999466e-01
9.194200000000000150e-01
9.202099999999999724e-01
9.209999999999999298e-01
9.217899999999999983e-01
9.225799999999999557e-01
9.233700000000000241e-01
9.241599999999999815e-01
9.249499999999999389e-01
9.257400000000000073e-01
9.265299999999999647e-01
9.273199999999999221e-01
9.281099999999999905e-01
9.288999999999999480e-01
9.296900000000000164e-01
9.304799999999999738e-01
9.312699999999999312e-01
9.320599999999999996e-01
9.328499999999999570e-01
9.336400000000000254e-01
9.344299999999999828e-01
9.352199999999999402e-01
9.360100000000000087e-01
9.367999999999999661e-01
9.375899999999999235e-01
9.383799999999999919e-01
9.391699999999999493e-01
9.399600000000000177e-01
9.407499999999999751e-01
9.415399999999999325e-01
9.423300000000000010e-01
9.431199999999999584e-01
9.439100000000000268e-01
9.446999999999999842e-01
9.454899999999999416e-01
9.462800000000000100e-01
9.470699999999999674e-01
9.478599999999999248e-01
9.486499999999999932e-01
9.494399999999999507e-01
9.502300000000000191e-01
9.510199999999999765e-01
9.518099999999999339e-01
9.526000000000000023e-01
9.533899999999999597e-01
9.541800000000000281e-01
9.549699999999999855e-01
9.557599999999999429e-01
9.565500000000000114e-01
9.573399999999999688e-01
9.581299999999999262e-01
9.589199999999999946e-01
9.597099999999999520e-01
9.605000000000000204e-01
9.612899999999999778e-01
9.620799999999999352e-01
9.628700000000000037e-01
9.636599999999999611e-01
9.644500000000000295e-01
9.652399999999999869e-01
9.660299999999999443e-01
9.668200000000000127e-01
9.676099999999999701e-01
9.683999999999999275e-01
9.691899999999999959e-01
9.699799999999999534e-01
9.707700000000000218e-01
9.715599999999999792e-01
9.723499999999999366e-01
9.731400000000000050e-01
9.739299999999999624e-01
9.747200000000000308e-01
9.755099999999999882e-01
9.762999999999999456e-01
9.770900000000000141e-01
9.778799999999999715e-01
9.786699999999999289e-01
9.794599999999999973e-01
9.802499999999999547e-01
9.810400000000000231e-01
9.818299999999999805e-01
9.826199999999999379e-01
9.834100000000000064e-01
9.841999999999999638e-01
9.849899999999999212e-01
9.857799999999999896e-01
9.865699999999999470e-01
9.873600000000000154e-01
9.881499999999999728e-01
9.889399999999999302e-01
9.897299999999999986e-01
9.905199999999999561e-01
9.913100000000000245e-01
9.920999999999999819e-01
9.928899999999999393e-01
9.936800000000000077e-01
9.944699999999999651e-01
9.952599999999999225e-01
9.960499999999999909e-01
9.968399999999999483e-01
9.976300000000000168e-01
9.984199999999999742e-01
9.992099999999999316e-01
1.000000000000000000e+00
