9.502496102551011292e-01
9.503067906081414939e-01
9.503638225686568131e-01
9.504207068740009312e-01
9.504774442557599734e-01
9.505340354398151836e-01
9.505904811464042092e-01
9.506467820901819410e-01
9.507029389802802433e-01
9.507589525203671288e-01
9.508148234087049344e-01
9.508705523382074976e-01
9.509261399964973327e-01
9.509815870659610315e-01
9.510368942238045520e-01
9.510920621421076193e-01
9.511470914878773497e-01
9.512019829231013190e-01
9.512567371047996323e-01
9.513113546850764379e-01
9.513658363111707761e-01
9.514201826255069827e-01
9.514743942657438724e-01
9.515284718648238105e-01
9.515824160510208962e-01
9.516362274479884809e-01
9.516899066748062408e-01
9.517434543460263630e-01
9.517968710717196190e-01
9.518501574575199964e-01
9.519033141046698843e-01
9.519563416100637054e-01
9.520092405662914370e-01
9.520620115616814649e-01
9.521146551803429947e-01
9.521671720022079066e-01
9.522195626030719451e-01
9.522718275546353528e-01
9.523239674245432829e-01
9.523759827764255448e-01
9.524278741699357953e-01
9.524796421607900632e-01
9.525312873008053849e-01
9.525828101379373303e-01
9.526342112163174169e-01
9.526854910762899697e-01
9.527366502544484250e-01
9.527876892836713019e-01
9.528386086931578403e-01
9.528894090084628621e-01
9.529400907515318542e-01
9.529906544407344970e-01
9.530411005908991928e-01
9.530914297133460389e-01
9.531416423159198015e-01
9.531917389030228893e-01
9.532417199756472170e-01
9.532915860314060685e-01
9.533413375645656274e-01
9.533909750660761739e-01
9.534404990236026167e-01
9.534899099215546903e-01
9.535392082411173753e-01
9.535883944602799867e-01
9.536374690538660381e-01
9.536864324935615533e-01
9.537352852479441534e-01
9.537840277825110347e-01
9.538326605597071683e-01
9.538811840389527230e-01
9.539295986766702651e-01
9.539779049263119592e-01
9.540261032383861028e-01
9.540741940604834381e-01
9.541221778373034645e-01
9.541700550106799739e-01
9.542178260196064743e-01
9.542654913002615036e-01
9.543130512860334980e-01
9.543605064075453281e-01
9.544078570926788352e-01
9.544551037665985893e-01
9.545022468517758707e-01
9.545492867680122062e-01
9.545962239324625731e-01
9.546430587596582695e-01
9.546897916615300073e-01
9.547364230474300051e-01
9.547829533241544153e-01
9.548293828959654173e-01
9.548757121646129775e-01
9.549219415293559443e-01
9.549680713869840298e-01
9.550141021318381274e-01
9.550600341558318496e-01
9.551058678484715125e-01
9.551516035968767859e-01
9.551972417858007880e-01
9.552427827976501806e-01
9.552882270125047093e-01
9.553335748081366319e-01
9.553788265600302587e-01
9.554239826414008263e-01
9.554690434232134821e-01
9.555140092742019364e-01
9.555588805608871139e-01
9.556036576475952504e-01
9.556483408964758786e-01
9.556929306675200353e-01
9.557374273185779145e-01
9.557818312053762977e-01
9.558261426815357620e-01
9.558703620985882221e-01
9.559144898059936946e-01
9.559585261511570620e-01
9.560024714794448375e-01
9.560463261342015961e-01
9.560900904567661840e-01
9.561337647864880385e-01
9.561773494607429535e-01
9.562208448149488449e-01
9.562642511825817371e-01
9.563075688951907516e-01
9.563507982824138720e-01
9.563939396719928210e-01
9.564369933897881593e-01
9.564799597597942737e-01
9.565228391041536993e-01
9.565656317431721067e-01
9.566083379953325139e-01
9.566509581773096071e-01
9.566934926039838416e-01
9.567359415884554297e-01
9.567783054420582189e-01
9.568205844743733479e-01
9.568627789932427907e-01
9.569048893047827908e-01
9.569469157133975168e-01
9.569888585217916077e-01
9.570307180309837181e-01
9.570724945403192852e-01
9.571141883474831857e-01
9.571557997485127256e-01
9.571973290378097410e-01
9.572387765081533662e-01
9.572801424507122459e-01
9.573214271550566368e-01
9.573626309091705089e-01
9.574037539994635360e-01
9.574447967107829749e-01
9.574857593264252120e-01
9.575266421281474205e-01
9.575674453961792176e-01
9.576081694092337671e-01
9.576488144445194362e-01
9.576893807777505652e-01
9.577298686831587915e-01
9.577702784335038189e-01
9.578106103000845195e-01
9.578508645527494814e-01
9.578910414599077772e-01
9.579311412885394006e-01
9.579711643042058133e-01
9.580111107710602703e-01
9.580509809518580333e-01
9.580907751079666967e-01
9.581304934993760680e-01
9.581701363847081598e-01
9.582097040212272931e-01
9.582491966648495341e-01
9.582886145701526859e-01
9.583279579903858370e-01
9.583672271774787976e-01
9.584064223820515371e-01
9.584455438534237315e-01
9.584845918396237563e-01
9.585235665873981237e-01
9.585624683422203640e-01
9.586012973483000188e-01
9.586400538485919665e-01
9.586787380848048601e-01
9.587173502974098982e-01
9.587558907256499285e-01
9.587943596075475527e-01
9.588327571799141191e-01
9.588710836783578273e-01
9.589093393372922769e-01
9.589475243899447943e-01
9.589856390683647591e-01
9.590236836034314871e-01
9.590616582248625566e-01
9.590995631612218020e-01
9.591373986399271967e-01
9.591751648872587355e-01
9.592128621283663170e-01
9.592504905872775156e-01
9.592880504869051306e-01
9.593255420490548468e-01
9.593629654944327845e-01
9.594003210426529371e-01
9.594376089122447215e-01
9.594748293206601941e-01
9.595119824842813783e-01
9.595490686184274809e-01
9.595860879373621088e-01
9.596230406543001523e-01
9.596599269814151123e-01
9.596967471298458729e-01
9.597335013097036960e-01
9.597701897300792151e-01
9.598068125990487642e-01
9.598433701236818161e-01
9.598798625100470883e-01
9.599162899632193158e-01
9.599526526872860233e-01
9.599889508853539644e-01
9.600251847595553389e-01
9.600613545110544544e-01
9.600974603400540541e-01
9.601335024458015344e-01
9.601694810265952729e-01
9.602053962797907349e-01
9.602412484018065797e-01
9.602770375881309883e-01
9.603127640333274373e-01
9.603484279310409155e-01
9.603840294740036976e-01
9.604195688540412279e-01
9.604550462620781159e-01
9.604904618881439093e-01
9.605258159213785341e-01
9.605611085500385116e-01
9.605963399615022880e-01
9.606315103422758961e-01
9.606666198779983956e-01
9.607016687534476462e-01
9.607366571525456367e-01
9.607715852583639249e-01
9.608064532531290780e-01
9.608412613182277795e-01
9.608760096342126023e-01
9.609106983808067826e-01
9.609453277369096602e-01
9.609798978806017855e-01
9.610144089891501373e-01
9.610488612390132301e-01
9.610832548058458880e-01
9.611175898645046844e-01
9.611518665890523838e-01
9.611860851527634919e-01
9.612202457281285861e-01
9.612543484868595334e-01
9.612883935998940421e-01
9.613223812374006583e-01
9.613563115687834282e-01
9.613901847626865615e-01
9.614240009869990944e-01
9.614577604088594409e-01
9.614914631946602785e-01
9.615251095100527667e-01
9.615586995199512099e-01
9.615922333885374984e-01
9.616257112792657713e-01
9.616591333548664133e-01
9.616924997773508288e-01
9.617258107080156604e-01
9.617590663074470081e-01
9.617922667355246480e-01
9.618254121514266952e-01
9.618585027136333787e-01
9.618915385799313711e-01
9.619245199074178965e-01
9.619574468525049493e-01
9.619903195709235133e-01
9.620231382177271140e-01
9.620559029472963708e-01
9.620886139133427717e-01
9.621212712689125590e-01
9.621538751663909483e-01
9.621864257575056811e-01
9.622189231933310216e-01
9.622513676242917535e-01
9.622837592001669549e-01
9.623160980700935507e-01
9.623483843825704209e-01
9.623806182854618418e-01
9.624127999260012611e-01
9.624449294507951835e-01
9.624770070058265015e-01
9.625090327364583809e-01
9.625410067874377029e-01
9.625729293028987277e-01
9.626048004263665359e-01
9.626366203007605815e-01
9.626683890683982447e-01
9.627001068709982734e-01
9.627317738496842248e-01
9.627633901449877962e-01
9.627949558968522670e-01
9.628264712446359397e-01
9.628579363271153602e-01
9.628893512824887591e-01
9.629207162483791604e-01
9.629520313618378236e-01
9.629832967593474624e-01
9.630145125768254655e-01
9.630456789496270043e-01
9.630767960125481419e-01
9.631078638998292751e-01
9.631388827451581314e-01
9.631698526816726558e-01
9.632007738419644527e-01
9.632316463580815613e-01
9.632624703615315642e-01
9.632932459832849181e-01
9.633239733537773963e-01
9.633546526029134194e-01
9.633852838600690527e-01
9.634158672540946711e-01
9.634464029133182894e-01
9.634768909655478941e-01
9.635073315380747738e-01
9.635377247576762949e-01
9.635680707506184550e-01
9.635983696426591028e-01
9.636286215590503801e-01
9.636588266245417200e-01
9.636889849633825111e-01
9.637190966993247621e-01
9.637491619556259881e-01
9.637791808550517647e-01
9.638091535198783921e-01
9.638390800718957818e-01
9.638689606324097880e-01
9.638987953222450944e-01
9.639285842617475453e-01
9.639583275707870325e-01
9.639880253687598266e-01
9.640176777745912418e-01
9.640472849067380778e-01
9.640768468831913962e-01
9.641063638214786291e-01
9.641358358386663552e-01
9.641652630513625200e-01
9.641946455757193224e-01
9.642239835274351023e-01
9.642532770217570048e-01
9.642825261734835340e-01
9.643117310969667733e-01
9.643408919061146056e-01
9.643700087143933786e-01
9.643990816348299022e-01
9.644281107800141140e-01
9.644570962621011878e-01
9.644860381928137549e-01
9.645149366834442350e-01
9.645437918448573900e-01
9.645726037874919889e-01
9.646013726213634731e-01
9.646300984560660652e-01
9.646587814007748785e-01
9.646874215642482486e-01
9.647160190548298431e-01
9.647445739804506593e-01
9.647730864486313562e-01
9.648015565664842530e-01
9.648299844407156600e-01
9.648583701776276556e-01
9.648867138831205281e-01
9.649150156626944419e-01
9.649432756214518792e-01
9.649714938640993056e-01
9.649996704949496129e-01
9.650278056179238950e-01
9.650558993365534466e-01
9.650839517539816503e-01
9.651119629729663085e-01
9.651399330958813083e-01
9.651678622247187311e-01
9.651957504610906291e-01
9.652235979062310234e-01
9.652514046609977916e-01
9.652791708258748882e-01
9.653068965009736768e-01
9.653345817860351508e-01
9.653622267804318202e-01
9.653898315831693777e-01
9.654173962928888075e-01
9.654449210078679400e-01
9.654724058260234498e-01
9.654998508449124106e-01
9.655272561617345151e-01
9.655546218733335184e-01
9.655819480761991258e-01
9.656092348664687686e-01
9.656364823399292696e-01
9.656636905920186198e-01
9.656908597178277542e-01
9.657179898121023287e-01
9.657450809692441629e-01
9.657721332833132388e-01
9.657991468480292552e-01
9.658261217567732926e-01
9.658530581025893680e-01
9.658799559781864330e-01
9.659068154759395952e-01
9.659336366878920055e-01
9.659604197057564123e-01
9.659871646209168272e-01
9.660138715244300789e-01
9.660405405070273677e-01
9.660671716591159308e-01
9.660937650707805968e-01
9.661203208317852287e-01
9.661468390315745003e-01
9.661733197592753397e-01
9.661997631036982614e-01
9.662261691533391428e-01
9.662525379963807781e-01
9.662788697206941002e-01
9.663051644138400675e-01
9.663314221630707745e-01
9.663576430553311170e-01
9.663838271772602351e-01
9.664099746151930681e-01
9.664360854551615754e-01
9.664621597828964017e-01
9.664881976838283206e-01
9.665141992430893447e-01
9.665401645455146129e-01
9.665660936756433896e-01
9.665919867177206193e-01
9.666178437556984804e-01
9.666436648732373849e-01
9.666694501537078654e-01
9.666951996801914637e-01
9.667209135354823957e-01
9.667465918020886617e-01
9.667722345622336011e-01
9.667978418978572241e-01
9.668234138906173225e-01
9.668489506218910234e-01
9.668744521727760111e-01
9.668999186240917476e-01
9.669253500563809167e-01
9.669507465499105336e-01
9.669761081846733886e-01
9.670014350403892678e-01
9.670267271965061751e-01
9.670519847322017748e-01
9.670772077263842803e-01
9.671023962576940081e-01
9.671275504045044880e-01
9.671526702449237956e-01
9.671777558567955513e-01
9.672028073177003638e-01
9.672278247049569400e-01
9.672528080956233065e-01
9.672777575664980310e-01
9.673026731941212208e-01
9.673275550547759671e-01
9.673524032244894544e-01
9.673772177790338489e-01
9.674019987939279641e-01
9.674267463444378157e-01
9.674514605055782868e-01
9.674761413521140163e-01
9.675007889585606202e-01
9.675254033991856906e-01
9.675499847480099058e-01
9.675745330788084742e-01
9.675990484651116885e-01
9.676235309802065920e-01
9.676479806971377551e-01
9.676723976887083856e-01
9.676967820274813281e-01
9.677211337857805074e-01
9.677454530356914830e-01
9.677697398490630043e-01
9.677939942975076759e-01
9.678182164524032904e-01
9.678424063848936054e-01
9.678665641658896757e-01
9.678906898660706304e-01
9.679147835558848945e-01
9.679388453055510766e-01
9.679628751850589685e-01
9.679868732641708773e-01
9.680108396124220693e-01
9.680347742991222137e-01
9.680586773933562705e-01
9.680825489639853787e-01
9.681063890796478555e-01
9.681301978087603066e-01
9.681539752195185145e-01
9.681777213798983261e-01
9.682014363576567639e-01
9.682251202203329132e-01
9.682487730352488109e-01
9.682723948695103333e-01
9.682959857900085288e-01
9.683195458634199504e-01
9.683430751562082106e-01
9.683665737346243141e-01
9.683900416647079901e-01
9.684134790122885805e-01
9.684368858429855953e-01
9.684602622222100443e-01
9.684836082151651038e-01
9.685069238868471153e-01
9.685302093020462522e-01
9.685534645253478514e-01
9.685766896211327470e-01
9.685998846535784912e-01
9.686230496866602424e-01
9.686461847841514317e-01
9.686692900096247616e-01
9.686923654264529837e-01
9.687154110978098975e-01
9.687384270866709057e-01
9.687614134558142354e-01
9.687843702678213820e-01
9.688072975850783308e-01
9.688301954697761120e-01
9.688530639839116887e-01
9.688759031892887341e-01
9.688987131475186310e-01
9.689214939200211374e-01
9.689442455680251642e-01
9.689669681525696632e-01
9.689896617345042928e-01
9.690123263744904181e-01
9.690349621330017760e-01
9.690575690703252532e-01
9.690801472465615518e-01
9.691026967216264110e-01
9.691252175552507175e-01
9.691477098069819496e-01
9.691701735361843983e-01
9.691926088020401675e-01
9.692150156635500613e-01
9.692373941795339176e-01
9.692597444086319403e-01
9.692820664093049210e-01
9.693043602398352387e-01
9.693266259583275257e-01
9.693488636227094446e-01
9.693710732907324656e-01
9.693932550199724218e-01
9.694154088678302861e-01
9.694375348915329482e-01
9.694596331481339924e-01
9.694817036945143629e-01
9.695037465873829197e-01
9.695257618832772151e-01
9.695477496385643823e-01
9.695697099094415794e-01
9.695916427519367664e-01
9.696135482219094825e-01
9.696354263750514013e-01
9.696572772668871076e-01
9.696791009527747640e-01
9.697008974879066656e-01
9.697226669273101285e-01
9.697444093258479336e-01
9.697661247382191041e-01
9.697878132189595712e-01
9.698094748224428407e-01
9.698311096028804368e-01
9.698527176143230122e-01
9.698742989106605705e-01
9.698958535456232433e-01
9.699173815727819559e-01
9.699388830455490940e-01
9.699603580171790584e-01
9.699818065407689316e-01
9.700032286692590322e-01
9.700246244554338038e-01
9.700459939519221475e-01
9.700673372111980886e-01
9.700886542855814421e-01
9.701099452272385903e-01
9.701312100881827050e-01
9.701524489202747459e-01
9.701736617752237946e-01
9.701948487045877201e-01
9.702160097597739563e-01
9.702371449920398350e-01
9.702582544524932517e-01
9.702793381920934435e-01
9.703003962616513212e-01
9.703214287118301362e-01
9.703424355931460354e-01
9.703634169559688383e-01
9.703843728505222588e-01
9.704053033268847939e-01
9.704262084349901674e-01
9.704470882246278851e-01
9.704679427454436791e-01
9.704887720469402845e-01
9.705095761784779951e-01
9.705303551892748848e-01
9.705511091284078073e-01
9.705718380448127292e-01
9.705925419872851734e-01
9.706132210044808861e-01
9.706338751449163915e-01
9.706545044569695468e-01
9.706751089888798756e-01
9.706956887887494556e-01
9.707162439045431412e-01
9.707367743840892294e-01
9.707572802750797925e-01
9.707777616250716779e-01
9.707982184814863968e-01
9.708186508916111235e-01
9.708390589025990280e-01
9.708594425614697210e-01
9.708798019151099190e-01
9.709001370102737782e-01
9.709204478935836713e-01
9.709407346115302984e-01
9.709609972104735753e-01
9.709812357366429669e-01
9.710014502361378197e-01
9.710216407549280282e-01
9.710418073388547011e-01
9.710619500336301613e-01
9.710820688848390558e-01
9.711021639379382453e-01
9.711222352382575806e-01
9.711422828310004585e-01
9.711623067612440430e-01
9.711823070739400432e-01
9.712022838139149350e-01
9.712222370258705162e-01
9.712421667543843506e-01
9.712620730439103234e-01
9.712819559387790846e-01
9.713018154831982720e-01
9.713216517212533985e-01
9.713414646969078525e-01
9.713612544540037863e-01
9.713810210362622266e-01
9.714007644872836300e-01
9.714204848505484380e-01
9.714401821694174100e-01
9.714598564871319564e-01
9.714795078468150269e-01
9.714991362914709994e-01
9.715187418639863459e-01
9.715383246071301881e-01
9.715578845635546301e-01
9.715774217757950915e-01
9.715969362862709735e-01
9.716164281372857703e-01
9.716358973710277347e-01
9.716553440295702115e-01
9.716747681548721927e-01
9.716941697887784279e-01
9.717135489730202025e-01
9.717329057492155586e-01
9.717522401588696290e-01
9.717715522433753028e-01
9.717908420440134476e-01
9.718101096019532426e-01
9.718293549582528446e-01
9.718485781538596102e-01
9.718677792296105400e-01
9.718869582262326112e-01
9.719061151843432222e-01
9.719252501444507475e-01
9.719443631469546485e-01
9.719634542321461401e-01
9.719825234402084124e-01
9.720015708112169639e-01
9.720205963851401565e-01
9.720396002018396597e-01
9.720585823010704507e-01
9.720775427224815912e-01
9.720964815056164499e-01
9.721153986899130350e-01
9.721342943147046611e-01
9.721531684192198375e-01
9.721720210425829345e-01
9.721908522238147388e-01
9.722096620018323421e-01
9.722284504154500295e-01
9.722472175033791686e-01
9.722659633042289862e-01
9.722846878565065687e-01
9.723033911986175282e-01
9.723220733688662243e-01
9.723407344054560975e-01
9.723593743464901129e-01
9.723779932299709827e-01
9.723965910938016100e-01
9.724151679757856437e-01
9.724337239136273681e-01
9.724522589449323684e-01
9.724707731072078642e-01
9.724892664378630425e-01
9.725077389742092793e-01
9.725261907534606953e-01
9.725446218127342668e-01
9.725630321890502694e-01
9.725814219193326116e-01
9.725997910404091673e-01
9.726181395890123316e-01
9.726364676017789090e-01
9.726547751152507804e-01
9.726730621658750131e-01
9.726913287900045280e-01
9.727095750238980987e-01
9.727278009037209072e-01
9.727460064655445438e-01
9.727641917453476728e-01
9.727823567790162551e-01
9.728005016023437701e-01
9.728186262510316595e-01
9.728367307606895498e-01
9.728548151668355848e-01
9.728728795048968703e-01
9.728909238102096957e-01
9.729089481180196453e-01
9.729269524634823751e-01
9.729449368816633914e-01
9.729629014075388271e-01
9.729808460759953315e-01
9.729987709218307357e-01
9.730166759797542753e-01
9.730345612843865899e-01
9.730524268702603896e-01
9.730702727718206768e-01
9.730880990234249683e-01
9.731059056593435175e-01
9.731236927137598691e-01
9.731414602207708597e-01
9.731592082143871725e-01
9.731769367285333372e-01
9.731946457970483966e-01
9.732123354536859061e-01
9.732300057321142672e-01
9.732476566659170603e-01
9.732652882885934886e-01
9.732829006335583788e-01
9.733004937341425133e-01
9.733180676235931861e-01
9.733356223350740910e-01
9.733531579016659885e-01
9.733706743563665942e-01
9.733881717320913562e-01
9.734056500616731222e-01
9.734231093778629162e-01
9.734405497133300500e-01
9.734579711006622338e-01
9.734753735723661316e-01
9.734927571608674723e-01
9.735101218985111604e-01
9.735274678175619423e-01
9.735447949502044063e-01
9.735621033285433157e-01
9.735793929846037198e-01
9.735966639503315090e-01
9.736139162575934147e-01
9.736311499381775647e-01
9.736483650237932608e-01
9.736655615460718671e-01
9.736827395365664772e-01
9.736998990267526910e-01
9.737170400480283927e-01
9.737341626317143062e-01
9.737512668090542167e-01
9.737683526112151933e-01
9.737854200692878104e-01
9.738024692142863703e-01
9.738195000771492360e-01
9.738365126887390533e-01
9.738535070798429727e-01
9.738704832811729828e-01
9.738874413233660210e-01
9.739043812369844177e-01
9.739213030525157855e-01
9.739382068003737958e-01
9.739550925108978463e-01
9.739719602143536159e-01
9.739888099409333977e-01
9.740056417207560990e-01
9.740224555838676856e-01
9.740392515602411816e-01
9.740560296797771134e-01
9.740727899723036209e-01
9.740895324675767908e-01
9.741062571952807669e-01
9.741229641850281951e-01
9.741396534663603335e-01
9.741563250687470532e-01
9.741729790215875040e-01
9.741896153542098924e-01
9.742062340958721478e-01
9.742228352757619225e-01
9.742394189229968138e-01
9.742559850666244747e-01
9.742725337356230586e-01
9.742890649589014407e-01
9.743055787652993294e-01
9.743220751835874882e-01
9.743385542424679580e-01
9.743550159705742786e-01
9.743714603964718224e-01
9.743878875486579050e-01
9.744042974555620074e-01
9.744206901455458869e-01
9.744370656469041325e-01
9.744534239878639426e-01
9.744697651965856799e-01
9.744860893011629832e-01
9.745023963296228775e-01
9.745186863099259966e-01
9.745349592699670271e-01
9.745512152375745973e-01
9.745674542405117213e-01
9.745836763064759101e-01
9.745998814630993934e-01
9.746160697379492310e-01
9.746322411585277568e-01
9.746483957522725783e-01
9.746645335465566884e-01
9.746806545686890200e-01
9.746967588459143350e-01
9.747128464054136687e-01
9.747289172743042185e-01
9.747449714796397879e-01
9.747610090484108980e-01
9.747770300075451200e-01
9.747930343839070755e-01
9.748090222042986586e-01
9.748249934954592577e-01
9.748409482840661999e-01
9.748568865967345287e-01
9.748728084600174482e-01
9.748887139004065450e-01
9.749046029443317884e-01
9.749204756181618636e-01
9.749363319482042822e-01
9.749521719607057157e-01
9.749679956818519955e-01
9.749838031377684455e-01
9.749995943545199939e-01
9.750153693581113945e-01
9.750311281744874492e-01
9.750468708295330078e-01
9.750625973490734122e-01
9.750783077588744963e-01
9.750940020846429190e-01
9.751096803520260536e-01
9.751253425866126534e-01
9.751409888139325188e-01
9.751566190594569417e-01
9.751722333485989269e-01
9.751878317067133040e-01
9.752034141590968375e-01
9.752189807309885605e-01
9.752345314475696636e-01
9.752500663339640496e-01
9.752655854152383341e-01
9.752810887164018450e-01
9.752965762624070667e-01
9.753120480781497514e-01
9.753275041884689189e-01
9.753429446181473006e-01
9.753583693919112285e-01
9.753737785344309685e-01
9.753891720703209423e-01
9.754045500241398381e-01
9.754199124203906113e-01
9.754352592835210389e-01
9.754505906379233870e-01
9.754659065079349656e-01
9.754812069178382394e-01
9.754964918918608285e-01
9.755117614541758408e-01
9.755270156289018724e-01
9.755422544401033402e-01
9.755574779117904827e-01
9.755726860679196921e-01
9.755878789323936262e-01
9.756030565290612078e-01
9.756182188817180689e-01
9.756333660141064401e-01
9.756484979499153720e-01
9.756636147127811798e-01
9.756787163262871099e-01
9.756938028139638952e-01
9.757088741992897551e-01
9.757239305056905065e-01
9.757389717565398968e-01
9.757539979751594927e-01
9.757690091848191249e-01
9.757840054087368875e-01
9.757989866700792492e-01
9.758139529919612754e-01
9.758289043974468502e-01
9.758438409095485655e-01
9.758587625512282759e-01
9.758736693453968769e-01
9.758885613149147487e-01
9.759034384825915343e-01
9.759183008711866947e-01
9.759331485034095088e-01
9.759479814019190735e-01
9.759627995893246366e-01
9.759776030881857078e-01
9.759923919210120591e-01
9.760071661102640572e-01
9.760219256783526642e-01
9.760366706476398813e-01
9.760514010404384155e-01
9.760661168790121245e-01
9.760808181855762378e-01
9.760955049822972462e-01
9.761101772912932351e-01
9.761248351346338836e-01
9.761394785343407987e-01
9.761541075123874034e-01
9.761687220906992701e-01
9.761833222911542318e-01
9.761979081355823817e-01
9.762124796457665177e-01
9.762270368434419199e-01
9.762415797502966841e-01
9.762561083879718327e-01
9.762706227780614254e-01
9.762851229421126709e-01
9.762996089016262591e-01
9.763140806780562508e-01
9.763285382928101885e-01
9.763429817672495403e-01
9.763574111226894781e-01
9.763718263803993214e-01
9.763862275616024267e-01
9.764006146874762981e-01
9.764149877791530319e-01
9.764293468577192048e-01
9.764436919442158747e-01
9.764580230596391353e-01
9.764723402249397832e-01
9.764866434610237622e-01
9.765009327887521628e-01
9.765152082289413338e-01
9.765294698023631037e-01
9.765437175297447814e-01
9.765579514317694887e-01
9.765721715290760496e-01
9.765863778422592123e-01
9.766005703918697600e-01
9.766147491984148443e-01
9.766289142823576519e-01
9.766430656641179597e-01
9.766572033640721351e-01
9.766713274025531355e-01
9.766854377998506198e-01
9.766995345762113923e-01
9.767136177518391804e-01
9.767276873468948573e-01
9.767417433814966632e-01
9.767557858757202061e-01
9.767698148495985722e-01
9.767838303231225483e-01
9.767978323162406218e-01
9.768118208488592025e-01
9.768257959408427338e-01
9.768397576120138037e-01
9.768537058821531449e-01
9.768676407709999676e-01
9.768815622982518487e-01
9.768954704835649538e-01
9.769093653465541482e-01
9.769232469067932190e-01
9.769371151838147638e-01
9.769509701971105242e-01
9.769648119661313856e-01
9.769786405102874882e-01
9.769924558489483379e-01
9.770062580014429177e-01
9.770200469870600202e-01
9.770338228250479151e-01
9.770475855346149041e-01
9.770613351349292097e-01
9.770750716451189755e-01
9.770887950842725989e-01
9.771025054714389535e-01
9.771162028256269449e-01
9.771298871658062879e-01
9.771435585109071731e-01
9.771572168798206004e-01
9.771708622913982678e-01
9.771844947644529045e-01
9.771981143177582707e-01
9.772117209700492690e-01
