2.070966802239664895e-01
2.071801209949832023e-01
2.072634316518208453e-01
2.073466127857509778e-01
2.074296649835234985e-01
2.075125888274151342e-01
2.075953848952773739e-01
2.076780537605835697e-01
2.077605959924756218e-01
2.078430121558098309e-01
2.079253028112022506e-01
2.080074685150732905e-01
2.080895098196919035e-01
2.081714272732189674e-01
2.082532214197502785e-01
2.083348927993588229e-01
2.084164419481365216e-01
2.084978693982354747e-01
2.085791756779085404e-01
2.086603613115495248e-01
2.087414268197327061e-01
2.088223727192519419e-01
2.089031995231591665e-01
2.089839077408024715e-01
2.090644978778636032e-01
2.091449704363950446e-01
2.092253259148565692e-01
2.093055648081513787e-01
2.093856876076617135e-01
2.094656948012839637e-01
2.095455868734634741e-01
2.096253643052287952e-01
2.097050275742254888e-01
2.097845771547495741e-01
2.098640135177805011e-01
2.099433371310136798e-01
2.100225484588926772e-01
2.101016479626409417e-01
2.101806361002931389e-01
2.102595133267261551e-01
2.103382800936896557e-01
2.104169368498362280e-01
2.104954840407512462e-01
2.105739221089822644e-01
2.106522514940681878e-01
2.107304726325679167e-01
2.108085859580887400e-01
2.108865919013143408e-01
2.109644908900325522e-01
2.110422833491625849e-01
2.111199697007821452e-01
2.111975503641540797e-01
2.112750257557527156e-01
2.113523962892899510e-01
2.114296623757409288e-01
2.115068244233695161e-01
2.115838828377534231e-01
2.116608380218089336e-01
2.117376903758155793e-01
2.118144402974402318e-01
2.118910881817611669e-01
2.119676344212916563e-01
2.120440794060033385e-01
2.121204235233494495e-01
2.121966671582874997e-01
2.122728106933020054e-01
2.123488545084266932e-01
2.124247989812666215e-01
2.125006444870199407e-01
2.125763913984994591e-01
2.126520400861539040e-01
2.127275909180890712e-01
2.128030442600885030e-01
2.128784004756341941e-01
2.129536599259268526e-01
2.130288229699060509e-01
2.131038899642700435e-01
2.131788612634955282e-01
2.132537372198569647e-01
2.133285181834458921e-01
2.134032045021898583e-01
2.134777965218712381e-01
2.135522945861458299e-01
2.136266990365612017e-01
2.137010102125748157e-01
2.137752284515720691e-01
2.138493540888840583e-01
2.139233874578050643e-01
2.139973288896100112e-01
2.140711787135716471e-01
2.141449372569775023e-01
2.142186048451467095e-01
2.142921818014466573e-01
2.143656684473094487e-01
2.144390651022481109e-01
2.145123720838727488e-01
2.145855897079064767e-01
2.146587182882010725e-01
2.147317581367526595e-01
2.148047095637170834e-01
2.148775728774251215e-01
2.149503483843976659e-01
2.150230363893605168e-01
2.150956371952592872e-01
2.151681511032739191e-01
2.152405784128331445e-01
2.153129194216288622e-01
2.153851744256301826e-01
2.154573437190975549e-01
2.155294275945965066e-01
2.156014263430114375e-01
2.156733402535591926e-01
2.157451696138024122e-01
2.158169147096629381e-01
2.158885758254348586e-01
2.159601532437976090e-01
2.160316472458287951e-01
2.161030581110170157e-01
2.161743861172743808e-01
2.162456315409490848e-01
2.163167946568377575e-01
2.163878757381977047e-01
2.164588750567590092e-01
2.165297928827364937e-01
2.166006294848416558e-01
2.166713851302943528e-01
2.167420600848345147e-01
2.168126546127336074e-01
2.168831689768059845e-01
2.169536034384202949e-01
2.170239582575105852e-01
2.170942336925873184e-01
2.171644300007484485e-01
2.172345474376901342e-01
2.173045862577175913e-01
2.173745467137556120e-01
2.174444290573592231e-01
2.175142335387239834e-01
2.175839604066963917e-01
2.176536099087840459e-01
2.177231822911658288e-01
2.177926777987018725e-01
2.178620966749435228e-01
2.179314391621431646e-01
2.180007055012639083e-01
2.180698959319893049e-01
2.181390106927328654e-01
2.182080500206474705e-01
2.182770141516348072e-01
2.183459033203546118e-01
2.184147177602338286e-01
2.184834577034757697e-01
2.185521233810690522e-01
2.186207150227966467e-01
2.186892328572445643e-01
2.187576771118107666e-01
2.188260480127137420e-01
2.188943457850011098e-01
2.189625706525581972e-01
2.190307228381164484e-01
2.190988025632617242e-01
2.191668100484426562e-01
2.192347455129788070e-01
2.193026091750688300e-01
2.193704012517984914e-01
2.194381219591486354e-01
2.195057715120031228e-01
2.195733501241566299e-01
2.196408580083224205e-01
2.197082953761400337e-01
2.197756624381828894e-01
2.198429594039658652e-01
2.199101864819527352e-01
2.199773438795636082e-01
2.200444318031822555e-01
2.201114504581633546e-01
2.201784000488397897e-01
2.202452807785297284e-01
2.203120928495437003e-01
2.203788364631916463e-01
2.204455118197898578e-01
2.205121191186678598e-01
2.205786585581752390e-01
2.206451303356884719e-01
2.207115346476175854e-01
2.207778716894127635e-01
2.208441416555710080e-01
2.209103447396426612e-01
2.209764811342378732e-01
2.210425510310330133e-01
2.211085546207770258e-01
2.211744920932977587e-01
2.212403636375081806e-01
2.213061694414126257e-01
2.213719096921128726e-01
2.214375845758143058e-01
2.215031942778319107e-01
2.215687389825962417e-01
2.216342188736593888e-01
2.216996341337008347e-01
2.217649849445333110e-01
2.218302714871085435e-01
2.218954939415230254e-01
2.219606524870236242e-01
2.220257473020132988e-01
2.220907785640566789e-01
2.221557464498855050e-01
2.222206511354042069e-01
2.222854927956953441e-01
2.223502716050249628e-01
2.224149877368480077e-01
2.224796413638135129e-01
2.225442326577700136e-01
2.226087617897706539e-01
2.226732289300784040e-01
2.227376342481711680e-01
2.228019779127469180e-01
2.228662600917286907e-01
2.229304809522695829e-01
2.229946406607577480e-01
2.230587393828213361e-01
2.231227772833333234e-01
2.231867545264163422e-01
2.232506712754475375e-01
2.233145276930633139e-01
2.233783239411639976e-01
2.234420601809185836e-01
2.235057365727693424e-01
2.235693532764364833e-01
2.236329104509225951e-01
2.236964082545173371e-01
2.237598468448018241e-01
2.238232263786531229e-01
2.238865470122486656e-01
2.239498089010706072e-01
2.240130121999102664e-01
2.240761570628723165e-01
2.241392436433791713e-01
2.242022720941751479e-01
2.242652425673307415e-01
2.243281552142468160e-01
2.243910101856586570e-01
2.244538076316401620e-01
2.245165477016079214e-01
2.245792305443252146e-01
2.246418563079060349e-01
2.247044251398191417e-01
2.247669371868919463e-01
2.248293925953144257e-01
2.248917915106430632e-01
2.249541340778046516e-01
2.250164204411001512e-01
2.250786507442084916e-01
2.251408251301903474e-01
2.252029437414918567e-01
2.252650067199483130e-01
2.253270142067879123e-01
2.253889663426353607e-01
2.254508632675155111e-01
2.255127051208569156e-01
2.255744920414954890e-01
2.256362241676779512e-01
2.256979016370654068e-01
2.257595245867368150e-01
2.258210931531924315e-01
2.258826074723572774e-01
2.259440676795845260e-01
2.260054739096588605e-01
2.260668262967998887e-01
2.261281249746654176e-01
2.261893700763547566e-01
2.262505617344121034e-01
2.263117000808296253e-01
2.263727852470508450e-01
2.264338173639737772e-01
2.264947965619540926e-01
2.265557229708083098e-01
2.266165967198169595e-01
2.266774179377276099e-01
2.267381867527580308e-01
2.267989032925992188e-01
2.268595676844184783e-01
2.269201800548623915e-01
2.269807405300598435e-01
2.270412492356249923e-01
2.271017062966602384e-01
2.271621118377591120e-01
2.272224659830092142e-01
2.272827688559951320e-01
2.273430205798012416e-01
2.274032212770146222e-01
2.274633710697278044e-01
2.275234700795416287e-01
2.275835184275680212e-01
2.276435162344327690e-01
2.277034636202782403e-01
2.277633607047660769e-01
2.278232076070799694e-01
2.278830044459283222e-01
2.279427513395468619e-01
2.280024484057013301e-01
2.280620957616901201e-01
2.281216935243468857e-01
2.281812418100430673e-01
2.282407407346905559e-01
2.283001904137441362e-01
2.283595909622041509e-01
2.284189424946188873e-01
2.284782451250871316e-01
2.285374989672606938e-01
2.285967041343467954e-01
2.286558607391105669e-01
2.287149688938774073e-01
2.287740287105354819e-01
2.288330403005380542e-01
2.288920037749059000e-01
2.289509192442296115e-01
2.290097868186720120e-01
2.290686066079704319e-01
2.291273787214390401e-01
2.291861032679711196e-01
2.292447803560413444e-01
2.293034100937081099e-01
2.293619925886156707e-01
2.294205279479964721e-01
2.294790162786732590e-01
2.295374576870613803e-01
2.295958522791709255e-01
2.296542001606089178e-01
2.297125014365813955e-01
2.297707562118956326e-01
2.298289645909622481e-01
2.298871266777972877e-01
2.299452425760243335e-01
2.300033123888766129e-01
2.300613362191990530e-01
2.301193141694502786e-01
2.301772463417047498e-01
2.302351328376547046e-01
2.302929737586121850e-01
2.303507692055110911e-01
2.304085192789090963e-01
2.304662240789896732e-01
2.305238837055640366e-01
2.305814982580730310e-01
2.306390678355891566e-01
2.306965925368184012e-01
2.307540724601022386e-01
2.308115077034194329e-01
2.308688983643879533e-01
2.309262445402668618e-01
2.309835463279581447e-01
2.310408038240085726e-01
2.310980171246115045e-01
2.311551863256087469e-01
2.312123115224923031e-01
2.312693928104062047e-01
2.313264302841483155e-01
2.313834240381720808e-01
2.314403741665882752e-01
2.314972807631667240e-01
2.315541439213381347e-01
2.316109637341957073e-01
2.316677402944969655e-01
2.317244736946653394e-01
2.317811640267919138e-01
2.318378113826371489e-01
2.318944158536324907e-01
2.319509775308820354e-01
2.320074965051641958e-01
2.320639728669333379e-01
2.321204067063213916e-01
2.321767981131395153e-01
2.322331471768795952e-01
2.322894539867159658e-01
2.323457186315069090e-01
2.324019411997962636e-01
2.324581217798149801e-01
2.325142604594826745e-01
2.325703573264091828e-01
2.326264124678960876e-01
2.326824259709382448e-01
2.327383979222252819e-01
2.327943284081431530e-01
2.328502175147755815e-01
2.329060653279055870e-01
2.329618719330169008e-01
2.330176374152955199e-01
2.330733618596311230e-01
2.331290453506184579e-01
2.331846879725588961e-01
2.332402898094618204e-01
2.332958509450459850e-01
2.333513714627410141e-01
2.334068514456887344e-01
2.334622909767446741e-01
2.335176901384793391e-01
2.335730490131796289e-01
2.336283676828502520e-01
2.336836462292150030e-01
2.337388847337181774e-01
2.337940832775259048e-01
2.338492419415274803e-01
2.339043608063366975e-01
2.339594399522931523e-01
2.340144794594635480e-01
2.340694794076429996e-01
2.341244398763563939e-01
2.341793609448596103e-01
2.342342426921407983e-01
2.342890851969216537e-01
2.343438885376587510e-01
2.343986527925446817e-01
2.344533780395093858e-01
2.345080643562213740e-01
2.345627118200889760e-01
2.346173205082615065e-01
2.346718904976305420e-01
2.347264218648311418e-01
2.347809146862429863e-01
2.348353690379916536e-01
2.348897849959497297e-01
2.349441626357380297e-01
2.349985020327267637e-01
2.350528032620367302e-01
2.351070663985404818e-01
2.351612915168633799e-01
2.352154786913848994e-01
2.352696279962396275e-01
2.353237395053184577e-01
2.353778132922697552e-01
2.354318494305003839e-01
2.354858479931769277e-01
2.355398090532266897e-01
2.355937326833388301e-01
2.356476189559655321e-01
2.357014679433230009e-01
2.357552797173925463e-01
2.358090543499216929e-01
2.358627919124252625e-01
2.359164924761863735e-01
2.359701561122575786e-01
2.360237828914618086e-01
2.360773728843935382e-01
2.361309261614197019e-01
2.361844427926808043e-01
2.362379228480919469e-01
2.362913663973437994e-01
2.363447735099036273e-01
2.363981442550163181e-01
2.364514787017053532e-01
2.365047769187738624e-01
2.365580389748055401e-01
2.366112649381656718e-01
2.366644548770021061e-01
2.367176088592462257e-01
2.367707269526138913e-01
2.368238092246064408e-01
2.368768557425116050e-01
2.369298665734045350e-01
2.369828417841486345e-01
2.370357814413965591e-01
2.370886856115911878e-01
2.371415543609665111e-01
2.371943877555485192e-01
2.372471858611561735e-01
2.372999487434022947e-01
2.373526764676945067e-01
2.374053690992360688e-01
2.374580267030268754e-01
2.375106493438642330e-01
2.375632370863438314e-01
2.376157899948606045e-01
2.376683081336095626e-01
2.377207915665867366e-01
2.377732403575900100e-01
2.378256545702199798e-01
2.378780342678808168e-01
2.379303795137811262e-01
2.379826903709348074e-01
2.380349669021618320e-01
2.380872091700891591e-01
2.381394172371515683e-01
2.381915911655924090e-01
2.382437310174645162e-01
2.382958368546309880e-01
2.383479087387659900e-01
2.383999467313555887e-01
2.384519508936985555e-01
2.385039212869072001e-01
2.385558579719080641e-01
2.386077610094428647e-01
2.386596304600691332e-01
2.387114663841611306e-01
2.387632688419105143e-01
2.388150378933271978e-01
2.388667735982401008e-01
2.389184760162978705e-01
2.389701452069697418e-01
2.390217812295461763e-01
2.390733841431397222e-01
2.391249540066857360e-01
2.391764908789430488e-01
2.392279948184948546e-01
2.392794658837493205e-01
2.393309041329403919e-01
2.393823096241284865e-01
2.394336824152012710e-01
2.394850225638743280e-01
2.395363301276919044e-01
2.395876051640276339e-01
2.396388477300852304e-01
2.396900578828991824e-01
2.397412356793354737e-01
2.397923811760923340e-01
2.398434944297008486e-01
2.398945754965256805e-01
2.399456244327657917e-01
2.399966412944551097e-01
2.400476261374631659e-01
2.400985790174958723e-01
2.401494999900960770e-01
2.402003891106443134e-01
2.402512464343594667e-01
2.403020720162993840e-01
2.403528659113615962e-01
2.404036281742839287e-01
2.404543588596451953e-01
2.405050580218658085e-01
2.405557257152084460e-01
2.406063619937786890e-01
2.406569669115256604e-01
2.407075405222426912e-01
2.407580828795679029e-01
2.408085940369848466e-01
2.408590740478231684e-01
2.409095229652591930e-01
2.409599408423165612e-01
2.410103277318668691e-01
2.410606836866302227e-01
2.411110087591758766e-01
2.411613030019228443e-01
2.412115664671405368e-01
2.412617992069493178e-01
2.413120012733210862e-01
2.413621727180799148e-01
2.414123135929026331e-01
2.414624239493193825e-01
2.415125038387142542e-01
2.415625533123258173e-01
2.416125724212477566e-01
2.416625612164293724e-01
2.417125197486762467e-01
2.417624480686507149e-01
2.418123462268725321e-01
2.418622142737193448e-01
2.419120522594273293e-01
2.419618602340917191e-01
2.420116382476673322e-01
2.420613863499691543e-01
2.421111045906729209e-01
2.421607930193156177e-01
2.422104516852960077e-01
2.422600806378752691e-01
2.423096799261774126e-01
2.423592495991898910e-01
2.424087897057641272e-01
2.424583002946160415e-01
2.425077814143265509e-01
2.425572331133421244e-01
2.426066554399753383e-01
2.426560484424053199e-01
2.427054121686783306e-01
2.427547466667082376e-01
2.428040519842770417e-01
2.428533281690354317e-01
2.429025752685032014e-01
2.429517933300698318e-01
2.430009824009949360e-01
2.430501425284088413e-01
2.430992737593130337e-01
2.431483761405806021e-01
2.431974497189568207e-01
2.432464945410596213e-01
2.432955106533800371e-01
2.433444981022827025e-01
2.433934569340063803e-01
2.434423871946644058e-01
2.434912889302451589e-01
2.435401621866125632e-01
2.435890070095065307e-01
2.436378234445434610e-01
2.436866115372167130e-01
2.437353713328970217e-01
2.437841028768330531e-01
2.438328062141517927e-01
2.438814813898589895e-01
2.439301284488397115e-01
2.439787474358586783e-01
2.440273383955608166e-01
2.440759013724716764e-01
2.441244364109978748e-01
2.441729435554275129e-01
2.442214228499306472e-01
2.442698743385597615e-01
2.443182980652501834e-01
2.443666940738205284e-01
2.444150624079730882e-01
2.444634031112943306e-01
2.445117162272552880e-01
2.445600017992120290e-01
2.446082598704060196e-01
2.446564904839646504e-01
2.447046936829015695e-01
2.447528695101171270e-01
2.448010180083987908e-01
2.448491392204216188e-01
2.448972331887485920e-01
2.449452999558310862e-01
2.449933395640092604e-01
2.450413520555125013e-01
2.450893374724597562e-01
2.451372958568600047e-01
2.451852272506126196e-01
2.452331316955078389e-01
2.452810092332270708e-01
2.453288599053433938e-01
2.453766837533218337e-01
2.454244808185198634e-01
2.454722511421877362e-01
2.455199947654689296e-01
2.455677117294004508e-01
2.456154020749133082e-01
2.456630658428328728e-01
2.457107030738792108e-01
2.457583138086675278e-01
2.458058980877085020e-01
2.458534559514087559e-01
2.459009874400710782e-01
2.459484925938949240e-01
2.459959714529767472e-01
2.460434240573103892e-01
2.460908504467873847e-01
2.461382506611974330e-01
2.461856247402286479e-01
2.462329727234680021e-01
2.462802946504016877e-01
2.463275905604154492e-01
2.463748604927949448e-01
2.464221044867261068e-01
2.464693225812955024e-01
2.465165148154907226e-01
2.465636812282006318e-01
2.466108218582158396e-01
2.466579367442290061e-01
2.467050259248351196e-01
2.467520894385319685e-01
2.467991273237203909e-01
2.468461396187046630e-01
2.468931263616928051e-01
2.469400875907969417e-01
2.469870233440336627e-01
2.470339336593243562e-01
2.470808185744954866e-01
2.471276781272789824e-01
2.471745123553125423e-01
2.472213212961400230e-01
2.472681049872116621e-01
2.473148634658845213e-01
2.473615967694227369e-01
2.474083049349978525e-01
2.474549879996891799e-01
2.475016460004841046e-01
2.475482789742783907e-01
2.475948869578764866e-01
2.476414699879918857e-01
2.476880281012474316e-01
2.477345613341756236e-01
2.477810697232188941e-01
2.478275533047299972e-01
2.478740121149722864e-01
2.479204461901199641e-01
2.479668555662584983e-01
2.480132402793848445e-01
2.480596003654077786e-01
2.481059358601482023e-01
2.481522467993394765e-01
2.481985332186276427e-01
2.482447951535717845e-01
2.482910326396443323e-01
2.483372457122313137e-01
2.483834344066326860e-01
2.484295987580626419e-01
2.484757388016498592e-01
2.485218545724378059e-01
2.485679461053850459e-01
2.486140134353655440e-01
2.486600565971689158e-01
2.487060756255007332e-01
2.487520705549828015e-01
2.487980414201534374e-01
2.488439882554678018e-01
2.488899110952981220e-01
2.489358099739339969e-01
2.489816849255826470e-01
2.490275359843692748e-01
2.490733631843372597e-01
2.491191665594484350e-01
2.491649461435834212e-01
2.492107019705418758e-01
2.492564340740427153e-01
2.493021424877244485e-01
2.493478272451454258e-01
2.493934883797841173e-01
2.494391259250393622e-01
2.494847399142306188e-01
2.495303303805982975e-01
2.495758973573039274e-01
2.496214408774305171e-01
2.496669609739827489e-01
2.497124576798872841e-01
2.497579310279929854e-01
2.498033810510711661e-01
2.498488077818159236e-01
2.498942112528443060e-01
2.499395914966966448e-01
2.499849485458367215e-01
2.500302824326520734e-01
2.500755931894542705e-01
2.501208808484791657e-01
2.501661454418870334e-01
2.502113870017629305e-01
2.502566055601169737e-01
2.503018011488844508e-01
2.503469737999261535e-01
2.503921235450285998e-01
2.504372504159043666e-01
2.504823544441921457e-01
2.505274356614571873e-01
2.505724940991914118e-01
2.506175297888136311e-01
2.506625427616698820e-01
2.507075330490336484e-01
2.507525006821060276e-01
2.507974456920160078e-01
2.508423681098207458e-01
2.508872679665057337e-01
2.509321452929850205e-01
2.509770001201014900e-01
2.510218324786271382e-01
2.510666423992631846e-01
2.511114299126403493e-01
2.511561950493191309e-01
2.512009378397900283e-01
2.512456583144735967e-01
2.512903565037209463e-01
2.513350324378137435e-01
2.513796861469645982e-01
2.514243176613171205e-01
2.514689270109462527e-01
2.515135142258584922e-01
2.515580793359920575e-01
2.516026223712171106e-01
2.516471433613360342e-01
2.516916423360835431e-01
2.517361193251270723e-01
2.517805743580668332e-01
2.518250074644360348e-01
2.518694186737011620e-01
2.519138080152622527e-01
2.519581755184528982e-01
2.520025212125406311e-01
2.520468451267270926e-01
2.520911472901482542e-01
2.521354277318745285e-01
2.521796864809111582e-01
2.522239235661981605e-01
2.522681390166108262e-01
2.523123328609597205e-01
2.523565051279909599e-01
2.524006558463864347e-01
2.524447850447639197e-01
2.524888927516774073e-01
2.525329789956171633e-01
2.525770438050100597e-01
2.526210872082196857e-01
2.526651092335465698e-01
2.527091099092284021e-01
2.527530892634402560e-01
2.527970473242946436e-01
2.528409841198418495e-01
2.528848996780700409e-01
2.529287940269056012e-01
2.529726671942131300e-01
2.530165192077957759e-01
2.530603500953952922e-01
2.531041598846924257e-01
2.531479486033069715e-01
2.531917162787978848e-01
2.532354629386637246e-01
2.532791886103425427e-01
2.533228933212122724e-01
2.533665770985908394e-01
2.534102399697363839e-01
2.534538819618473715e-01
2.534975031020628711e-01
2.535411034174626654e-01
2.535846829350675291e-01
2.536282416818392282e-01
2.536717796846808537e-01
2.537152969704370431e-01
2.537587935658939808e-01
2.538022694977796756e-01
2.538457247927641824e-01
2.538891594774597138e-01
2.539325735784208615e-01
2.539759671221447079e-01
2.540193401350709923e-01
2.540626926435824440e-01
2.541060246740047823e-01
2.541493362526069943e-01
2.541926274056013346e-01
2.542358981591438249e-01
2.542791485393340323e-01
2.543223785722155683e-01
2.543655882837760340e-01
2.544087776999473527e-01
2.544519468466058254e-01
2.544950957495723531e-01
2.545382244346125478e-01
2.545813329274370096e-01
2.546244212537013274e-01
2.546674894390064114e-01
2.547105375088984935e-01
2.547535654888695156e-01
2.547965734043570740e-01
2.548395612807446420e-01
2.548825291433618467e-01
2.549254770174844698e-01
2.549684049283346687e-01
2.550113129010811441e-01
2.550542009608393612e-01
2.550970691326716056e-01
2.551399174415872051e-01
2.551827459125425857e-01
2.552255545704416040e-01
2.552683434401356033e-01
2.553111125464235243e-01
2.553538619140521271e-01
2.553965915677161025e-01
2.554393015320582938e-01
2.554819918316698080e-01
2.555246624910901820e-01
2.555673135348074387e-01
2.556099449872584195e-01
2.556525568728287845e-01
2.556951492158532346e-01
2.557377220406155671e-01
2.557802753713490085e-01
2.558228092322362701e-01
2.558653236474095483e-01
2.559078186409509126e-01
2.559502942368923062e-01
2.559927504592157121e-01
2.560351873318533755e-01
2.560776048786878589e-01
2.561200031235522090e-01
2.561623820902301230e-01
2.562047418024561152e-01
2.562470822839155726e-01
2.562894035582449770e-01
2.563317056490320156e-01
2.563739885798157481e-01
2.564162523740866617e-01
2.564584970552870047e-01
2.565007226468106749e-01
2.565429291720035532e-01
2.565851166541635586e-01
2.566272851165407598e-01
2.566694345823376522e-01
2.567115650747091027e-01
2.567536766167626272e-01
2.567957692315585017e-01
2.568378429421098175e-01
2.568798977713827592e-01
2.569219337422965488e-01
2.569639508777238346e-01
2.570059492004905244e-01
2.570479287333761742e-01
2.570898894991140438e-01
2.571318315203910965e-01
2.571737548198483325e-01
2.572156594200808444e-01
2.572575453436378723e-01
2.572994126130229708e-01
2.573412612506942865e-01
2.573830912790644465e-01
2.574249027205008367e-01
2.574666955973257121e-01
2.575084699318163084e-01
2.575502257462050082e-01
2.575919630626793966e-01
2.576336819033824277e-01
2.576753822904125357e-01
2.577170642458238015e-01
2.577587277916260078e-01
2.578003729497848617e-01
2.578419997422220500e-01
2.578836081908153499e-01
2.579251983173987961e-01
2.579667701437627914e-01
2.580083236916542178e-01
2.580498589827765477e-01
2.580913760387900102e-01
2.581328748813116469e-01
2.581743555319155892e-01
2.582158180121328916e-01
2.582572623434519210e-01
2.582986885473184113e-01
2.583400966451354641e-01
2.583814866582637704e-01
2.584228586080217771e-01
2.584642125156856318e-01
2.585055484024895156e-01
2.585468662896255876e-01
2.585881661982441515e-01
2.586294481494538222e-01
2.586707121643215812e-01
2.587119582638728876e-01
2.587531864690919003e-01
2.587943968009214779e-01
2.588355892802632896e-01
2.588767639279780375e-01
2.589179207648854564e-01
2.589590598117644249e-01
2.590001810893531875e-01
2.590412846183494100e-01
2.590823704194102350e-01
2.591234385131525042e-01
2.591644889201527580e-01
2.592055216609473467e-01
2.592465367560327083e-01
2.592875342258652571e-01
2.593285140908616615e-01
2.593694763713988438e-01
2.594104210878141470e-01
2.594513482604054455e-01
2.594922579094312010e-01
2.595331500551106285e-01
2.595740247176237525e-01
2.596148819171115174e-01
2.596557216736760099e-01
2.596965440073804032e-01
2.597373489382491241e-01
2.597781364862679632e-01
2.598189066713842421e-01
2.598596595135068132e-01
2.599003950325061707e-01
2.599411132482146725e-01
2.599818141804264848e-01
2.600224978488978045e-01
2.600631642733468585e-01
2.601038134734541818e-01
2.601444454688625063e-01
2.601850602791770384e-01
2.602256579239654033e-01
2.602662384227579229e-01
2.603068017950475044e-01
2.603473480602899182e-01
2.603878772379037976e-01
2.604283893472708611e-01
2.604688844077358012e-01
2.605093624386066176e-01
2.605498234591545614e-01
2.605902674886143022e-01
2.606306945461839275e-01
2.606711046510252205e-01
2.607114978222635493e-01
2.607518740789881440e-01
2.607922334402520415e-01
2.608325759250723075e-01
2.608729015524300365e-01
2.609132103412705739e-01
2.609535023105034601e-01
2.609937774790025977e-01
2.610340358656063064e-01
2.610742774891175455e-01
2.611145023683038580e-01
2.611547105218974818e-01
2.611949019685955165e-01
2.612350767270600338e-01
2.612752348159180227e-01
2.613153762537616664e-01
2.613555010591482874e-01
2.613956092506004580e-01
2.614357008466062227e-01
2.614757758656190423e-01
2.615158343260579610e-01
2.615558762463076059e-01
2.615959016447184649e-01
