2.116129110187434215e+00
2.115383091445817154e+00
2.114638727617684566e+00
2.113896009806350396e+00
2.113154929195443898e+00
2.112415477047892232e+00
2.111677644704917256e+00
2.110941423585050103e+00
2.110206805183160839e+00
2.109473781069504561e+00
2.108742342888781263e+00
2.108012482359213458e+00
2.107284191271635798e+00
2.106557461488601124e+00
2.105832284943498944e+00
2.105108653639689908e+00
2.104386559649651822e+00
2.103665995114140763e+00
2.102946952241363743e+00
2.102229423306166023e+00
2.101513400649229091e+00
2.100798876676282401e+00
2.100085843857327550e+00
2.099374294725873114e+00
2.098664221878181024e+00
2.097955617972526277e+00
2.097248475728466843e+00
2.096542787926123808e+00
2.095838547405473928e+00
2.095135747065651088e+00
2.094434379864260176e+00
2.093734438816700294e+00
2.093035916995496848e+00
2.092338807529646072e+00
2.091643103603967546e+00
2.090948798458465152e+00
2.090255885387700907e+00
2.089564357740175016e+00
2.088874208917715691e+00
2.088185432374877859e+00
2.087498021618352073e+00
2.086811970206379208e+00
2.086127271748175360e+00
2.085443919903365195e+00
2.084761908381422835e+00
2.084081230941119856e+00
2.083401881389983501e+00
2.082723853583760221e+00
2.082047141425888093e+00
2.081371738866975463e+00
2.080697639904289353e+00
2.080024838581248314e+00
2.079353328986922822e+00
2.078683105255545449e+00
2.078014161566023255e+00
2.077346492141460832e+00
2.076680091248687798e+00
2.076014953197793833e+00
2.075351072341669045e+00
2.074688443075551891e+00
2.074027059836581532e+00
2.073366917103359075e+00
2.072708009395511031e+00
2.072050331273261659e+00
2.071393877337009748e+00
2.070738642226911619e+00
2.070084620622469007e+00
2.069431807242123167e+00
2.068780196842854302e+00
2.068129784219784995e+00
2.067480564205791183e+00
2.066832531671116246e+00
2.066185681522990869e+00
2.065540008705258668e+00
2.064895508198005381e+00
2.064252175017193824e+00
2.063610004214302407e+00
2.062968990875970299e+00
2.062329130123645271e+00
2.061690417113236862e+00
2.061052847034774427e+00
2.060416415112068744e+00
2.059781116602378503e+00
2.059146946796080346e+00
2.058513901016343794e+00
2.057881974618810617e+00
2.057251162991276860e+00
2.056621461553379770e+00
2.055992865756289145e+00
2.055365371082401804e+00
2.054738973045039163e+00
2.054113667188150583e+00
2.053489449086018936e+00
2.052866314342969289e+00
2.052244258593083348e+00
2.051623277499915243e+00
2.051003366756211310e+00
2.050384522083634753e+00
2.049766739232491197e+00
2.049150013981460461e+00
2.048534342137328323e+00
2.047919719534724070e+00
2.047306142035861143e+00
2.046693605530278681e+00
2.046082105934588391e+00
2.045471639192223634e+00
2.044862201273191626e+00
2.044253788173828745e+00
2.043646395916557168e+00
2.043040020549647728e+00
2.042434658146981885e+00
2.041830304807819019e+00
2.041226956656565505e+00
2.040624609842546455e+00
2.040023260539781003e+00
2.039422904946758042e+00
2.038823539286217290e+00
2.038225159804930797e+00
2.037627762773488449e+00
2.037031344486084805e+00
2.036435901260309045e+00
2.035841429436937577e+00
2.035247925379727540e+00
2.034655385475214295e+00
2.034063806132511143e+00
2.033473183783110372e+00
2.032883514880686526e+00
2.032294795900903228e+00
2.031707023341220442e+00
2.031120193720705291e+00
2.030534303579845101e+00
2.029949349480359988e+00
2.029365328005021674e+00
2.028782235757470964e+00
2.028200069362038338e+00
2.027618825463566310e+00
2.027038500727235792e+00
2.026459091838389792e+00
2.025880595502364656e+00
2.025303008444318209e+00
2.024726327409062776e+00
2.024150549160899537e+00
2.023575670483454214e+00
2.023001688179513646e+00
2.022428599070865918e+00
2.021856399998142262e+00
2.021285087820657633e+00
2.020714659416257497e+00
2.020145111681162398e+00
2.019576441529816524e+00
2.019008645894737164e+00
2.018441721726364602e+00
2.017875665992916456e+00
2.017310475680240245e+00
2.016746147791670385e+00
2.016182679347884310e+00
2.015620067386761693e+00
2.015058308963245004e+00
2.014497401149200062e+00
2.013937341033280592e+00
2.013378125720791889e+00
2.012819752333556700e+00
2.012262218009782888e+00
2.011705519903931538e+00
2.011149655186588170e+00
2.010594621044333508e+00
2.010040414679615584e+00
2.009487033310624504e+00
2.008934474171167661e+00
2.008382734510546275e+00
2.007831811593432825e+00
2.007281702699751147e+00
2.006732405124556085e+00
2.006183916177914028e+00
2.005636233184787898e+00
2.005089353484919013e+00
2.004543274432712963e+00
2.003997993397125921e+00
2.003453507761551844e+00
2.002909814923711007e+00
2.002366912295538981e+00
2.001824797303078274e+00
2.001283467386369530e+00
2.000742919999344949e+00
2.000203152609720814e+00
1.999664162698893799e+00
1.999125947761836386e+00
1.998588505306993834e+00
1.998051832856182486e+00
1.997515927944488290e+00
1.996980788120166883e+00
1.996446410944545002e+00
1.995912793991921674e+00
1.995379934849471626e+00
1.994847831117148473e+00
1.994316480407590353e+00
1.993785880346024664e+00
1.993256028570175031e+00
1.992726922730168493e+00
1.992198560488444237e+00
1.991670939519662342e+00
1.991144057510613852e+00
1.990617912160132175e+00
1.990092501179004048e+00
1.989567822289882715e+00
1.989043873227201109e+00
1.988520651737086142e+00
1.987998155577273662e+00
1.987476382517024298e+00
1.986955330337039971e+00
1.986434996829381294e+00
1.985915379797385860e+00
1.985396477055587194e+00
1.984878286429633931e+00
1.984360805756210766e+00
1.983844032882959407e+00
1.983327965668400417e+00
1.982812601981855716e+00
1.982297939703371981e+00
1.981783976723644480e+00
1.981270710943942248e+00
1.980758140276032808e+00
1.980246262642108457e+00
1.979735075974713210e+00
1.979224578216669972e+00
1.978714767321008594e+00
1.978205641250894598e+00
1.977697197979558341e+00
1.977189435490225522e+00
1.976682351776047231e+00
1.976175944840031340e+00
1.975670212694974337e+00
1.975165153363393600e+00
1.974660764877461006e+00
1.974157045278935874e+00
1.973653992619099462e+00
1.973151604958689687e+00
1.972649880367836950e+00
1.972148816925999526e+00
1.971648412721900279e+00
1.971148665853463822e+00
1.970649574427754125e+00
1.970151136560912342e+00
1.969653350378095968e+00
1.969156214013417783e+00
1.968659725609885669e+00
1.968163883319343110e+00
1.967668685302409903e+00
1.967174129728423315e+00
1.966680214775379687e+00
1.966186938629877590e+00
1.965694299487059649e+00
1.965202295550556588e+00
1.964710925032430611e+00
1.964220186153119663e+00
1.963730077141382591e+00
1.963240596234244073e+00
1.962751741676939998e+00
1.962263511722864173e+00
1.961775904633514589e+00
1.961288918678440574e+00
1.960802552135190169e+00
1.960316803289258170e+00
1.959831670434034390e+00
1.959347151870752590e+00
1.958863245908439632e+00
1.958379950863865293e+00
1.957897265061492087e+00
1.957415186833425746e+00
1.956933714519366596e+00
1.956452846466560036e+00
1.955972581029749024e+00
1.955492916571125672e+00
1.955013851460283947e+00
1.954535384074172821e+00
1.954057512797049201e+00
1.953580236020431515e+00
1.953103552143053978e+00
1.952627459570820845e+00
1.952151956716761338e+00
1.951677042000985018e+00
1.951202713850636483e+00
1.950728970699852294e+00
1.950255810989716565e+00
1.949783233168217444e+00
1.949311235690204702e+00
1.948839817017346210e+00
1.948368975618086196e+00
1.947898709967602837e+00
1.947429018547766733e+00
1.946959899847099607e+00
1.946491352360733007e+00
1.946023374590367894e+00
1.945555965044234004e+00
1.945089122237049883e+00
1.944622844689983143e+00
1.944157130930610933e+00
1.943691979492881305e+00
1.943227388917073473e+00
1.942763357749760056e+00
1.942299884543768673e+00
1.941836967858143970e+00
1.941374606258110092e+00
1.940912798315032939e+00
1.940451542606383972e+00
1.939990837715702465e+00
1.939530682232559977e+00
1.939071074752523716e+00
1.938612013877120566e+00
1.938153498213801562e+00
1.937695526375906807e+00
1.937238096982629942e+00
1.936781208658983511e+00
1.936324860035764539e+00
1.935869049749520343e+00
1.935413776442514333e+00
1.934959038762692041e+00
1.934504835363648256e+00
1.934051164904593278e+00
1.933598026050319829e+00
1.933145417471170857e+00
1.932693337843006676e+00
1.932241785847172766e+00
1.931790760170467580e+00
1.931340259505111456e+00
1.930890282548713976e+00
1.930440828004243992e+00
1.929991894579997425e+00
1.929543480989567295e+00
1.929095585951812408e+00
1.928648208190827607e+00
1.928201346435913344e+00
1.927754999421545712e+00
1.927309165887346687e+00
1.926863844578055263e+00
1.926419034243497252e+00
1.925974733638557090e+00
1.925530941523148298e+00
1.925087656662185731e+00
1.924644877825556044e+00
1.924202603788090604e+00
1.923760833329536846e+00
1.923319565234530737e+00
1.922878798292569025e+00
1.922438531297981701e+00
1.921998763049905579e+00
1.921559492352256315e+00
1.921120718013702211e+00
1.920682438847637785e+00
1.920244653672156687e+00
1.919807361310026161e+00
1.919370560588660624e+00
1.918934250340095682e+00
1.918498429400963046e+00
1.918063096612464768e+00
1.917628250820347713e+00
1.917193890874878681e+00
1.916760015630819547e+00
1.916326623947402386e+00
1.915893714688305050e+00
1.915461286721626299e+00
1.915029338919862267e+00
1.914597870159881809e+00
1.914166879322902970e+00
1.913736365294469222e+00
1.913306326964425708e+00
1.912876763226895926e+00
1.912447672980258639e+00
1.912019055127125000e+00
1.911590908574315018e+00
1.911163232232835130e+00
1.910736025017855999e+00
1.910309285848689642e+00
1.909883013648767225e+00
1.909457207345617080e+00
1.909031865870842504e+00
1.908606988160100437e+00
1.908182573153079042e+00
1.907758619793477051e+00
1.907335127028981558e+00
1.906912093811247599e+00
1.906489519095876606e+00
1.906067401842395537e+00
1.905645741014236005e+00
1.905224535578714073e+00
1.904803784507009157e+00
1.904383486774144041e+00
1.903963641358964898e+00
1.903544247244120413e+00
1.903125303416042469e+00
1.902706808864926158e+00
1.902288762584710247e+00
1.901871163573057411e+00
1.901454010831334918e+00
1.901037303364595088e+00
1.900621040181556642e+00
1.900205220294585384e+00
1.899789842719675104e+00
1.899374906476429370e+00
1.898960410588042214e+00
1.898546354081279919e+00
1.898132735986463038e+00
1.897719555337447295e+00
1.897306811171605823e+00
1.896894502529811399e+00
1.896482628456418018e+00
1.896071187999243568e+00
1.895660180209551626e+00
1.895249604142034361e+00
1.894839458854794989e+00
1.894429743409330236e+00
1.894020456870513236e+00
1.893611598306576216e+00
1.893203166789094283e+00
1.892795161392967218e+00
1.892387581196404156e+00
1.891980425280905598e+00
1.891573692731247869e+00
1.891167382635465799e+00
1.890761494084837402e+00
1.890356026173866555e+00
1.889950978000267678e+00
1.889546348664949083e+00
1.889142137271997868e+00
1.888738342928663050e+00
1.888334964745340683e+00
1.887932001835557871e+00
1.887529453315957229e+00
1.887127318306281554e+00
1.886725595929358512e+00
1.886324285311085314e+00
1.885923385580413836e+00
1.885522895869335080e+00
1.885122815312864741e+00
1.884723143049028105e+00
1.884323878218845616e+00
1.883925019966317560e+00
1.883526567438410293e+00
1.883128519785040922e+00
1.882730876159063982e+00
1.882333635716256115e+00
1.881936797615302304e+00
1.881540361017782104e+00
1.881144325088154989e+00
1.880748688993746809e+00
1.880353451904735795e+00
1.879958612994138800e+00
1.879564171437797748e+00
1.879170126414365871e+00
1.878776477105294163e+00
1.878383222694818500e+00
1.877990362369945432e+00
1.877597895320439525e+00
1.877205820738810038e+00
1.876814137820297823e+00
1.876422845762862224e+00
1.876031943767168420e+00
1.875641431036574103e+00
1.875251306777117044e+00
1.874861570197502436e+00
1.874472220509089793e+00
1.874083256925881402e+00
1.873694678664508562e+00
1.873306484944220252e+00
1.872918674986870258e+00
1.872531248016905181e+00
1.872144203261352002e+00
1.871757539949806537e+00
1.871371257314420555e+00
1.870985354589890459e+00
1.870599831013445291e+00
1.870214685824835188e+00
1.869829918266318947e+00
1.869445527582652922e+00
1.869061513021079257e+00
1.868677873831314340e+00
1.868294609265537698e+00
1.867911718578380009e+00
1.867529201026912222e+00
1.867147055870634009e+00
1.866765282371462886e+00
1.866383879793722889e+00
1.866002847404133469e+00
1.865622184471798839e+00
1.865241890268196867e+00
1.864861964067167754e+00
1.864482405144904265e+00
1.864103212779939955e+00
1.863724386253139187e+00
1.863345924847686019e+00
1.862967827849074220e+00
1.862590094545096386e+00
1.862212724225833727e+00
1.861835716183645628e+00
1.861459069713159220e+00
1.861082784111259381e+00
1.860706858677078301e+00
1.860331292711985718e+00
1.859956085519578695e+00
1.859581236405671190e+00
1.859206744678284950e+00
1.858832609647638856e+00
1.858458830626139813e+00
1.858085406928372096e+00
1.857712337871088470e+00
1.857339622773199972e+00
1.856967260955766585e+00
1.856595251741987695e+00
1.856223594457192538e+00
1.855852288428830654e+00
1.855481332986462784e+00
1.855110727461750875e+00
1.854740471188449868e+00
1.854370563502397484e+00
1.854001003741505560e+00
1.853631791245750726e+00
1.853262925357165525e+00
1.852894405419829305e+00
1.852526230779859340e+00
1.852158400785401504e+00
1.851790914786621833e+00
1.851423772135697865e+00
1.851056972186809091e+00
1.850690514296129185e+00
1.850324397821816680e+00
1.849958622124006746e+00
1.849593186564802094e+00
1.849228090508264977e+00
1.848863333320408753e+00
1.848498914369189006e+00
1.848134833024495327e+00
1.847771088658143102e+00
1.847407680643865069e+00
1.847044608357303552e+00
1.846681871176001577e+00
1.846319468479395098e+00
1.845957399648804564e+00
1.845595664067427588e+00
1.845234261120330288e+00
1.844873190194439072e+00
1.844512450678533755e+00
1.844152041963238675e+00
1.843791963441015369e+00
1.843432214506154354e+00
1.843072794554767802e+00
1.842713702984781765e+00
1.842354939195928409e+00
1.841996502589738016e+00
1.841638392569532101e+00
1.841280608540415420e+00
1.840923149909268641e+00
1.840566016084740575e+00
1.840209206477241066e+00
1.839852720498933669e+00
1.839496557563728096e+00
1.839140717087272892e+00
1.838785198486948103e+00
1.838430001181858398e+00
1.838075124592825738e+00
1.837720568142382049e+00
1.837366331254762120e+00
1.837012413355896712e+00
1.836658813873405460e+00
1.836305532236589988e+00
1.835952567876426578e+00
1.835599920225559734e+00
1.835247588718295075e+00
1.834895572790592233e+00
1.834543871880058408e+00
1.834192485425941266e+00
1.833841412869122722e+00
1.833490653652111835e+00
1.833140207219038142e+00
1.832790073015645227e+00
1.832440250489283606e+00
1.832090739088904963e+00
1.831741538265055036e+00
1.831392647469867185e+00
1.831044066157056394e+00
1.830695793781912162e+00
1.830347829801292292e+00
1.830000173673617336e+00
1.829652824858862825e+00
1.829305782818554382e+00
1.828959047015760397e+00
1.828612616915086697e+00
1.828266491982669439e+00
1.827920671686169785e+00
1.827575155494767012e+00
1.827229942879152969e+00
1.826885033311526074e+00
1.826540426265584660e+00
1.826196121216521417e+00
1.825852117641017625e+00
1.825508415017236707e+00
1.825165012824818467e+00
1.824821910544873527e+00
1.824479107659976895e+00
1.824136603654162858e+00
1.823794398012918538e+00
1.823452490223178568e+00
1.823110879773319315e+00
1.822769566153152665e+00
1.822428548853920915e+00
1.822087827368291002e+00
1.821747401190348947e+00
1.821407269815593866e+00
1.821067432740933079e+00
1.820727889464675675e+00
1.820388639486528071e+00
1.820049682307587791e+00
1.819711017430338140e+00
1.819372644358643099e+00
1.819034562597741322e+00
1.818696771654241484e+00
1.818359271036116498e+00
1.818022060252698413e+00
1.817685138814672863e+00
1.817348506234074179e+00
1.817012162024279620e+00
1.816676105700004928e+00
1.816340336777298337e+00
1.816004854773536126e+00
1.815669659207416853e+00
1.815334749598956909e+00
1.815000125469484749e+00
1.814665786341636444e+00
1.814331731739350362e+00
1.813997961187862051e+00
1.813664474213699584e+00
1.813331270344678448e+00
1.812998349109896212e+00
1.812665710039728539e+00
1.812333352665823627e+00
1.812001276521097326e+00
1.811669481139728699e+00
1.811337966057154913e+00
1.811006730810066356e+00
1.810675774936402416e+00
1.810345097975346151e+00
1.810014699467319854e+00
1.809684578953980383e+00
1.809354735978214501e+00
1.809025170084133993e+00
1.808695880817071222e+00
1.808366867723574467e+00
1.808038130351403705e+00
1.807709668249525503e+00
1.807381480968108800e+00
1.807053568058520243e+00
1.806725929073319747e+00
1.806398563566256277e+00
1.806071471092262959e+00
1.805744651207453089e+00
1.805418103469115243e+00
1.805091827435709284e+00
1.804765822666861919e+00
1.804440088723362257e+00
1.804114625167157815e+00
1.803789431561349632e+00
1.803464507470188272e+00
1.803139852459070047e+00
1.802815466094531915e+00
1.802491347944247924e+00
1.802167497577024768e+00
1.801843914562797355e+00
1.801520598472625245e+00
1.801197548878688215e+00
1.800874765354281815e+00
1.800552247473813816e+00
1.800229994812799772e+00
1.799908006947859018e+00
1.799586283456710900e+00
1.799264823918170331e+00
1.798943627912144017e+00
1.798622695019626461e+00
1.798302024822695966e+00
1.797981616904510860e+00
1.797661470849305276e+00
1.797341586242385603e+00
1.797021962670126038e+00
1.796702599719965043e+00
1.796383496980402006e+00
1.796064654040992359e+00
1.795746070492344471e+00
1.795427745926115870e+00
1.795109679935008806e+00
1.794791872112767583e+00
1.794474322054173676e+00
1.794157029355042621e+00
1.793839993612220240e+00
1.793523214423578871e+00
1.793206691388013585e+00
1.792890424105438862e+00
1.792574412176784593e+00
1.792258655203992523e+00
1.791943152790012705e+00
1.791627904538800165e+00
1.791312910055310681e+00
1.790998168945497904e+00
1.790683680816309131e+00
1.790369445275682647e+00
1.790055461932543279e+00
1.789741730396799735e+00
1.789428250279340382e+00
1.789115021192030142e+00
1.788802042747707377e+00
1.788489314560179677e+00
1.788176836244221191e+00
1.787864607415568630e+00
1.787552627690918383e+00
1.787240896687922964e+00
1.786929414025187235e+00
1.786618179322265743e+00
1.786307192199658944e+00
1.785996452278810098e+00
1.785685959182102156e+00
1.785375712532853765e+00
1.785065711955316825e+00
1.784755957074672716e+00
1.784446447517029188e+00
1.784137182909417252e+00
1.783828162879788071e+00
1.783519387057009409e+00
1.783210855070862522e+00
1.782902566552039492e+00
1.782594521132139231e+00
1.782286718443665041e+00
1.781979158120021278e+00
1.781671839795510248e+00
1.781364763105329097e+00
1.781057927685566478e+00
1.780751333173199891e+00
1.780444979206092571e+00
1.780138865422990158e+00
1.779832991463518033e+00
1.779527356968177987e+00
1.779221961578345335e+00
1.778916804936266027e+00
1.778611886685053545e+00
1.778307206468686008e+00
1.778002763932003294e+00
1.777698558720703925e+00
1.777394590481342185e+00
1.777090858861325451e+00
1.776787363508911088e+00
1.776484104073203341e+00
1.776181080204151108e+00
1.775878291552544397e+00
1.775575737770011875e+00
1.775273418509017764e+00
1.774971333422859621e+00
1.774669482165664558e+00
1.774367864392387473e+00
1.774066479758807491e+00
1.773765327921525525e+00
1.773464408537961390e+00
1.773163721266351356e+00
1.772863265765745044e+00
1.772563041696002761e+00
1.772263048717793055e+00
1.771963286492589829e+00
1.771663754682669456e+00
1.771364452951108559e+00
1.771065380961780900e+00
1.770766538379354937e+00
1.770467924869291387e+00
1.770169540097839889e+00
1.769871383732037451e+00
1.769573455439704679e+00
1.769275754889443997e+00
1.768978281750636983e+00
1.768681035693441261e+00
1.768384016388788726e+00
1.768087223508381989e+00
1.767790656724693044e+00
1.767494315710959496e+00
1.767198200141183229e+00
1.766902309690126627e+00
1.766606644033311468e+00
1.766311202847015149e+00
1.766015985808269129e+00
1.765720992594855820e+00
1.765426222885306595e+00
1.765131676358899115e+00
1.764837352695655115e+00
1.764543251576337513e+00
1.764249372682448413e+00
1.763955715696226445e+00
1.763662280300644758e+00
1.763369066179408140e+00
1.763076073016950795e+00
1.762783300498434347e+00
1.762490748309744726e+00
1.762198416137490842e+00
1.761906303669001250e+00
1.761614410592322377e+00
1.761322736596216076e+00
1.761031281370157409e+00
1.760740044604332200e+00
1.760449025989634819e+00
1.760158225217665739e+00
1.759867641980729758e+00
1.759577275971833110e+00
1.759287126884681696e+00
1.758997194413678411e+00
1.758707478253921375e+00
1.758417978101201262e+00
1.758128693651999530e+00
1.757839624603485973e+00
1.757550770653516503e+00
1.757262131500631153e+00
1.756973706844051408e+00
1.756685496383678435e+00
1.756397499820091301e+00
1.756109716854543867e+00
1.755822147188963678e+00
1.755534790525948852e+00
1.755247646568766751e+00
1.754960715021351314e+00
1.754673995588301283e+00
1.754387487974877979e+00
1.754101191887003308e+00
1.753815107031257536e+00
1.753529233114877073e+00
1.753243569845753136e+00
1.752958116932428645e+00
1.752672874084096888e+00
1.752387841010599523e+00
1.752103017422423914e+00
1.751818403030701798e+00
1.751533997547206845e+00
1.751249800684352875e+00
1.750965812155191648e+00
1.750682031673411299e+00
1.750398458953333680e+00
1.750115093709912806e+00
1.749831935658733295e+00
1.749548984516007266e+00
1.749266239998573669e+00
1.748983701823895398e+00
1.748701369710057962e+00
1.748419243375767040e+00
1.748137322540346927e+00
1.747855606923738536e+00
1.747574096246497621e+00
1.747292790229792558e+00
1.747011688595402568e+00
1.746730791065715938e+00
1.746450097363728471e+00
1.746169607213040598e+00
1.745889320337856709e+00
1.745609236462982494e+00
1.745329355313823605e+00
1.745049676616383438e+00
1.744770200097261359e+00
1.744490925483650923e+00
1.744211852503338323e+00
1.743932980884700390e+00
1.743654310356702597e+00
1.743375840648897501e+00
1.743097571491422970e+00
1.742819502614999960e+00
1.742541633750931629e+00
1.742263964631100670e+00
1.741986494987967982e+00
1.741709224554571112e+00
1.741432153064521815e+00
1.741155280252004944e+00
1.740878605851776673e+00
1.740602129599162717e+00
1.740325851230056120e+00
1.740049770480916136e+00
1.739773887088766458e+00
1.739498200791193216e+00
1.739222711326343429e+00
1.738947418432923664e+00
1.738672321850197822e+00
1.738397421317985581e+00
1.738122716576661064e+00
1.737848207367150843e+00
1.737573893430932381e+00
1.737299774510032258e+00
1.737025850347025058e+00
1.736752120685031153e+00
1.736478585267715369e+00
1.736205243839284984e+00
1.735932096144488401e+00
1.735659141928614035e+00
1.735386380937487649e+00
1.735113812917471687e+00
1.734841437615463056e+00
1.734569254778892011e+00
1.734297264155720164e+00
1.734025465494439144e+00
1.733753858544069271e+00
1.733482443054157329e+00
1.733211218774775686e+00
1.732940185456520510e+00
1.732669342850509775e+00
1.732398690708382594e+00
1.732128228782296997e+00
1.731857956824928602e+00
1.731587874589469056e+00
1.731317981829624930e+00
1.731048278299615495e+00
1.730778763754171834e+00
1.730509437948535068e+00
1.730240300638454798e+00
1.729971351580187777e+00
1.729702590530496575e+00
1.729434017246647581e+00
1.729165631486409893e+00
1.728897433008054207e+00
1.728629421570350599e+00
1.728361596932567412e+00
1.728093958854470147e+00
1.727826507096319686e+00
1.727559241418870739e+00
1.727292161583370511e+00
1.727025267351557369e+00
1.726758558485659512e+00
1.726492034748393412e+00
1.726225695902962487e+00
1.725959541713055323e+00
1.725693571942845006e+00
1.725427786356986903e+00
1.725162184720617997e+00
1.724896766799354886e+00
1.724631532359292896e+00
1.724366481167004750e+00
1.724101612989538568e+00
1.723836927594416979e+00
1.723572424749635790e+00
1.723308104223662429e+00
1.723043965785434839e+00
1.722780009204359919e+00
1.722516234250312417e+00
1.722252640693632930e+00
1.721989228305127684e+00
1.721725996856066310e+00
1.721462946118180959e+00
1.721200075863664747e+00
1.720937385865170643e+00
1.720674875895810141e+00
1.720412545729151477e+00
1.720150395139219412e+00
1.719888423900492791e+00
1.719626631787904092e+00
1.719365018576837434e+00
1.719103584043127908e+00
1.718842327963060246e+00
1.718581250113367043e+00
1.718320350271228092e+00
1.718059628214268608e+00
1.717799083720558562e+00
1.717538716568610901e+00
1.717278526537380445e+00
1.717018513406262992e+00
1.716758676955093543e+00
1.716499016964145641e+00
1.716239533214129365e+00
1.715980225486191113e+00
1.715721093561911381e+00
1.715462137223304540e+00
1.715203356252816613e+00
1.714944750433324838e+00
1.714686319548136106e+00
1.714428063380986078e+00
1.714169981716037405e+00
1.713912074337879288e+00
1.713654341031525696e+00
1.713396781582414485e+00
1.713139395776406282e+00
1.712882183399782932e+00
1.712625144239246833e+00
1.712368278081919382e+00
1.712111584715340085e+00
1.711855063927465226e+00
1.711598715506666757e+00
1.711342539241730965e+00
1.711086534921858027e+00
1.710830702336660236e+00
1.710575041276160668e+00
1.710319551530792737e+00
1.710064232891398639e+00
1.709809085149228469e+00
1.709554108095938885e+00
1.709299301523591996e+00
1.709044665224654258e+00
1.708790198991995801e+00
1.708535902618888658e+00
1.708281775899005872e+00
1.708027818626421057e+00
1.707774030595606174e+00
1.707520411601431531e+00
1.707266961439163788e+00
1.707013679904465508e+00
1.706760566793394052e+00
1.706507621902400018e+00
