2.043850232058340488e+00
2.043023311567566669e+00
2.042198069133197347e+00
2.041374497150153733e+00
2.040552588071118834e+00
2.039732334405919278e+00
2.038913728720916474e+00
2.038096763638404862e+00
2.037281431836019951e+00
2.036467726046152560e+00
2.035655639055372834e+00
2.034845163703860482e+00
2.034036292884844332e+00
2.033229019544048111e+00
2.032423336679144210e+00
2.031619237339214568e+00
2.030816714624219532e+00
2.030015761684472508e+00
2.029216371720123036e+00
2.028418537980644754e+00
2.027622253764332250e+00
2.026827512417803678e+00
2.026034307335509599e+00
2.025242631959247586e+00
2.024452479777685276e+00
2.023663844325887862e+00
2.022876719184852234e+00
2.022091097981047358e+00
2.021306974385959965e+00
2.020524342115647354e+00
2.019743194930293750e+00
2.018963526633774208e+00
2.018185331073224731e+00
2.017408602138614615e+00
2.016633333762327673e+00
2.015859519918747012e+00
2.015087154623844246e+00
2.014316231934776713e+00
2.013546745949487349e+00
2.012778690806309001e+00
2.012012060683576742e+00
2.011246849799242398e+00
2.010483052410493965e+00
2.009720662813380798e+00
2.008959675342443241e+00
2.008200084370346694e+00
2.007441884307519686e+00
2.006685069601795934e+00
2.005929634738062628e+00
2.005175574237911373e+00
2.004422882659294469e+00
2.003671554596184290e+00
2.002921584678236222e+00
2.002172967570459150e+00
2.001425697972884610e+00
2.000679770620244380e+00
1.999935180281650515e+00
1.999191921760277380e+00
1.998449989893050116e+00
1.997709379550335340e+00
1.996970085635635828e+00
1.996232103085288756e+00
1.995495426868167277e+00
1.994760051985386085e+00
1.994025973470010316e+00
1.993293186386766891e+00
1.992561685831760521e+00
1.991831466932192818e+00
1.991102524846083188e+00
1.990374854761995271e+00
1.989648451898764492e+00
1.988923311505229607e+00
1.988199428859967588e+00
1.987476799271030936e+00
1.986755418075688118e+00
1.986035280640167544e+00
1.985316382359403331e+00
1.984598718656784833e+00
1.983882284983909061e+00
1.983167076820334884e+00
1.982453089673341218e+00
1.981740319077687218e+00
1.981028760595374694e+00
1.980318409815414737e+00
1.979609262353595023e+00
1.978901313852251098e+00
1.978194559980039458e+00
1.977488996431713719e+00
1.976784618927902581e+00
1.976081423214890442e+00
1.975379405064400462e+00
1.974678560273380512e+00
1.973978884663790678e+00
1.973280374082392985e+00
1.972583024400544227e+00
1.971886831513990357e+00
1.971191791342663535e+00
1.970497899830480959e+00
1.969805152945145688e+00
1.969113546677950577e+00
1.968423077043583103e+00
1.967733740079933069e+00
1.967045531847901874e+00
1.966358448431214434e+00
1.965672485936232228e+00
1.964987640491768994e+00
1.964303908248907993e+00
1.963621285380821258e+00
1.962939768082591296e+00
1.962259352571033233e+00
1.961580035084520723e+00
1.960901811882811874e+00
1.960224679246878265e+00
1.959548633478735313e+00
1.958873670901273512e+00
1.958199787858093233e+00
1.957526980713339526e+00
1.956855245851539360e+00
1.956184579677441082e+00
1.955514978615853883e+00
1.954846439111490808e+00
1.954178957628811775e+00
1.953512530651869028e+00
1.952847154684154374e+00
1.952182826248447300e+00
1.951519541886664433e+00
1.950857298159711650e+00
1.950196091647336871e+00
1.949535918947983948e+00
1.948876776678649003e+00
1.948218661474737212e+00
1.947561569989922248e+00
1.946905498896005282e+00
1.946250444882777542e+00
1.945596404657882195e+00
1.944943374946679127e+00
1.944291352492110381e+00
1.943640334054566488e+00
1.942990316411755014e+00
1.942341296358570224e+00
1.941693270706962959e+00
1.941046236285813409e+00
1.940400189940803433e+00
1.939755128534291995e+00
1.939111048945189708e+00
1.938467948068836266e+00
1.937825822816878540e+00
1.937184670117148899e+00
1.936544486913546637e+00
1.935905270165918735e+00
1.935267016849942401e+00
1.934629723957008940e+00
1.933993388494108734e+00
1.933358007483716889e+00
1.932723577963680217e+00
1.932090096987105321e+00
1.931457561622247576e+00
1.930825968952401217e+00
1.930195316075790757e+00
1.929565600105462853e+00
1.928936818169179723e+00
1.928308967409313235e+00
1.927682044982739651e+00
1.927056048060736160e+00
1.926430973828878068e+00
1.925806819486936439e+00
1.925183582248777059e+00
1.924561259342260966e+00
1.923939848009144304e+00
1.923319345504980626e+00
1.922699749099023414e+00
1.922081056074129712e+00
1.921463263726663984e+00
1.920846369366403961e+00
1.920230370316446056e+00
1.919615263913113212e+00
1.919001047505861646e+00
1.918387718457190472e+00
1.917775274142550446e+00
1.917163711950254479e+00
1.916553029281388598e+00
1.915943223549723573e+00
1.915334292181628095e+00
1.914726232615981516e+00
1.914119042304088802e+00
1.913512718709594607e+00
1.912907259308399555e+00
1.912302661588576536e+00
1.911698923050287657e+00
1.911096041205702090e+00
1.910494013578915240e+00
1.909892837705867263e+00
1.909292511134263792e+00
1.908693031423496222e+00
1.908094396144563332e+00
1.907496602879993119e+00
1.906899649223765980e+00
1.906303532781237653e+00
1.905708251169063727e+00
1.905113802015123925e+00
1.904520182958448160e+00
1.903927391649141931e+00
1.903335425748313270e+00
1.902744282928000130e+00
1.902153960871098004e+00
1.901564457271288866e+00
1.900975769832969675e+00
1.900387896271182875e+00
1.899800834311545783e+00
1.899214581690182646e+00
1.898629136153655361e+00
1.898044495458895531e+00
1.897460657373137405e+00
1.896877619673850823e+00
1.896295380148675713e+00
1.895713936595355253e+00
1.895133286821671481e+00
1.894553428645380677e+00
1.893974359894148973e+00
1.893396078405489513e+00
1.892818582026698282e+00
1.892241868614792821e+00
1.891665936036449835e+00
1.891090782167943241e+00
1.890516404895083991e+00
1.889942802113159237e+00
1.889369971726872377e+00
1.888797911650283545e+00
1.888226619806750772e+00
1.887656094128871587e+00
1.887086332558424617e+00
1.886517333046312306e+00
1.885949093552503841e+00
1.885381612045978539e+00
1.884814886504669218e+00
1.884248914915407358e+00
1.883683695273866920e+00
1.883119225584509948e+00
1.882555503860532387e+00
1.881992528123809461e+00
1.881430296404843050e+00
1.880868806742707733e+00
1.880308057184998605e+00
1.879748045787778876e+00
1.879188770615528137e+00
1.878630229741090396e+00
1.878072421245624124e+00
1.877515343218550514e+00
1.876958993757503746e+00
1.876403370968281248e+00
1.875848472964793956e+00
1.875294297869017690e+00
1.874740843810943858e+00
1.874188108928531493e+00
1.873636091367659517e+00
1.873084789282078999e+00
1.872534200833365858e+00
1.871984324190874238e+00
1.871435157531689875e+00
1.870886699040583911e+00
1.870338946909967826e+00
1.869791899339847241e+00
1.869245554537777076e+00
1.868699910718817359e+00
1.868154966105487924e+00
1.867610718927725344e+00
1.867067167422838736e+00
1.866524309835466688e+00
1.865982144417533739e+00
1.865440669428207965e+00
1.864899883133859015e+00
1.864359783808015480e+00
1.863820369731323368e+00
1.863281639191504580e+00
1.862743590483316281e+00
1.862206221908509152e+00
1.861669531775787867e+00
1.861133518400770237e+00
1.860598180105947685e+00
1.860063515220645725e+00
1.859529522080983988e+00
1.858996199029838037e+00
1.858463544416800284e+00
1.857931556598141354e+00
1.857400233936772116e+00
1.856869574802206158e+00
1.856339577570521593e+00
1.855810240624324203e+00
1.855281562352710134e+00
1.854753541151229035e+00
1.854226175421847866e+00
1.853699463572914707e+00
1.853173404019122339e+00
1.852647995181473162e+00
1.852123235487242781e+00
1.851599123369946032e+00
1.851075657269301011e+00
1.850552835631195103e+00
1.850030656907650117e+00
1.849509119556788317e+00
1.848988222042798224e+00
1.848467962835901313e+00
1.847948340412318258e+00
1.847429353254235851e+00
1.846910999849773694e+00
1.846393278692952222e+00
1.845876188283659403e+00
1.845359727127618754e+00
1.844843893736357376e+00
1.844328686627174196e+00
1.843814104323107994e+00
1.843300145352906538e+00
1.842786808250994834e+00
1.842274091557444926e+00
1.841761993817944587e+00
1.841250513583766901e+00
1.840739649411740286e+00
1.840229399864218074e+00
1.839719763509049200e+00
1.839210738919547561e+00
1.838702324674463595e+00
1.838194519357954304e+00
1.837687321559554832e+00
1.837180729874149154e+00
1.836674742901941659e+00
1.836169359248428501e+00
1.835664577524369623e+00
1.835160396345760558e+00
1.834656814333804675e+00
1.834153830114885420e+00
1.833651442320538560e+00
1.833149649587425767e+00
1.832648450557306408e+00
1.832147843877011573e+00
1.831647828198416539e+00
1.831148402178415013e+00
1.830649564478892044e+00
1.830151313766698484e+00
1.829653648713624570e+00
1.829156567996373939e+00
1.828660070296538320e+00
1.828164154300571997e+00
1.827668818699766495e+00
1.827174062190225046e+00
1.826679883472838162e+00
1.826186281253258326e+00
1.825693254241876007e+00
1.825200801153794350e+00
1.824708920708805637e+00
1.824217611631366642e+00
1.823726872650574649e+00
1.823236702500143913e+00
1.822747099918381686e+00
1.822258063648164894e+00
1.821769592436916607e+00
1.821281685036582942e+00
1.820794340203610195e+00
1.820307556698921525e+00
1.819821333287894305e+00
1.819335668740337919e+00
1.818850561830470669e+00
1.818366011336898236e+00
1.817882016042590587e+00
1.817398574734860661e+00
1.816915686205342384e+00
1.816433349249968465e+00
1.815951562668949748e+00
1.815470325266752560e+00
1.814989635852078509e+00
1.814509493237842497e+00
1.814029896241152073e+00
1.813550843683286562e+00
1.813072334389675966e+00
1.812594367189880984e+00
1.812116940917571473e+00
1.811640054410507350e+00
1.811163706510517057e+00
1.810687896063478464e+00
1.810212621919298437e+00
1.809737882931892861e+00
1.809263677959167316e+00
1.808790005862997097e+00
1.808316865509208116e+00
1.807844255767556918e+00
1.807372175511712253e+00
1.806900623619235313e+00
1.806429598971561301e+00
1.805959100453979893e+00
1.805489126955616808e+00
1.805019677369415598e+00
1.804550750592118336e+00
1.804082345524248066e+00
1.803614461070089492e+00
1.803147096137671879e+00
1.802680249638750176e+00
1.802213920488787480e+00
1.801748107606937266e+00
1.801282809916025407e+00
1.800818026342532407e+00
1.800353755816576529e+00
1.799889997271895803e+00
1.799426749645831158e+00
1.798964011879308877e+00
1.798501782916823499e+00
1.798040061706421389e+00
1.797578847199683416e+00
1.797118138351708083e+00
1.796657934121095312e+00
1.796198233469929351e+00
1.795739035363763003e+00
1.795280338771600315e+00
1.794822142665881470e+00
1.794364446022465698e+00
1.793907247820615725e+00
1.793450547042981347e+00
1.792994342675584107e+00
1.792538633707801310e+00
1.792083419132350031e+00
1.791628697945272020e+00
1.791174469145918158e+00
1.790720731736932470e+00
1.790267484724237690e+00
1.789814727117019499e+00
1.789362457927711425e+00
1.788910676171979963e+00
1.788459380868709703e+00
1.788008571039988226e+00
1.787558245711091898e+00
1.787108403910470322e+00
1.786659044669732355e+00
1.786210167023631668e+00
1.785761770010051874e+00
1.785313852669992762e+00
1.784866414047555638e+00
1.784419453189929339e+00
1.783972969147376242e+00
1.783526960973217834e+00
1.783081427723821388e+00
1.782636368458585752e+00
1.782191782239927802e+00
1.781747668133268681e+00
1.781304025207020025e+00
1.780860852532571093e+00
1.780418149184274546e+00
1.779975914239433354e+00
1.779534146778288140e+00
1.779092845884002960e+00
1.778652010642652881e+00
1.778211640143210870e+00
1.777771733477534699e+00
1.777332289740354065e+00
1.776893308029257490e+00
1.776454787444680106e+00
1.776016727089890779e+00
1.775579126070979452e+00
1.775141983496844489e+00
1.774705298479180682e+00
1.774269070132466375e+00
1.773833297573951251e+00
1.773397979923644341e+00
1.772963116304301812e+00
1.772528705841414531e+00
1.772094747663196301e+00
1.771661240900571865e+00
1.771228184687164919e+00
1.770795578159286565e+00
1.770363420455923320e+00
1.769931710718725348e+00
1.769500448091995137e+00
1.769069631722675284e+00
1.768639260760338061e+00
1.768209334357172757e+00
1.767779851667975244e+00
1.767350811850136427e+00
1.766922214063630703e+00
1.766494057471005297e+00
1.766066341237368498e+00
1.765639064530379221e+00
1.765212226520235683e+00
1.764785826379664302e+00
1.764359863283909480e+00
1.763934336410722281e+00
1.763509244940349552e+00
1.763084588055523705e+00
1.762660364941451618e+00
1.762236574785804422e+00
1.761813216778706837e+00
1.761390290112726964e+00
1.760967793982865182e+00
1.760545727586544595e+00
1.760124090123600382e+00
1.759702880796269575e+00
1.759282098809180850e+00
1.758861743369344754e+00
1.758441813686143051e+00
1.758022308971319392e+00
1.757603228438968657e+00
1.757184571305527632e+00
1.756766336789765015e+00
1.756348524112771425e+00
1.755931132497949854e+00
1.755514161171006116e+00
1.755097609359938637e+00
1.754681476295029574e+00
1.754265761208834817e+00
1.753850463336174892e+00
1.753435581914125185e+00
1.753021116182006622e+00
1.752607065381376561e+00
1.752193428756019244e+00
1.751780205551936920e+00
1.751367395017340289e+00
1.750954996402639852e+00
1.750543008960436131e+00
1.750131431945511240e+00
1.749720264614819554e+00
1.749309506227479272e+00
1.748899156044762870e+00
1.748489213330088665e+00
1.748079677349012151e+00
1.747670547369216676e+00
1.747261822660505448e+00
1.746853502494792210e+00
1.746445586146093243e+00
1.746038072890518489e+00
1.745630962006263109e+00
1.745224252773598606e+00
1.744817944474865268e+00
1.744412036394463072e+00
1.744006527818843466e+00
1.743601418036501371e+00
1.743196706337966750e+00
1.742792392015795944e+00
1.742388474364564566e+00
1.741984952680858179e+00
1.741581826263265187e+00
1.741179094412368178e+00
1.740776756430736150e+00
1.740374811622916518e+00
1.739973259295427344e+00
1.739572098756749341e+00
1.739171329317318104e+00
1.738770950289516115e+00
1.738370960987664970e+00
1.737971360728018277e+00
1.737572148828753216e+00
1.737173324609963210e+00
1.736774887393650602e+00
1.736376836503718435e+00
1.735979171265963794e+00
1.735581891008069588e+00
1.735184995059597446e+00
1.734788482751980165e+00
1.734392353418514832e+00
1.733996606394354600e+00
1.733601241016502259e+00
1.733206256623802677e+00
1.732811652556935034e+00
1.732417428158406825e+00
1.732023582772545423e+00
1.731630115745492082e+00
1.731237026425194170e+00
1.730844314161398279e+00
1.730451978305643346e+00
1.730060018211253547e+00
1.729668433233331415e+00
1.729277222728751173e+00
1.728886386056151414e+00
1.728495922575928878e+00
1.728105831650231128e+00
1.727716112642949664e+00
1.727326764919714153e+00
1.726937787847884431e+00
1.726549180796544958e+00
1.726160943136497705e+00
1.725773074240255500e+00
1.725385573482035584e+00
1.724998440237752950e+00
1.724611673885014129e+00
1.724225273803110747e+00
1.723839239373012422e+00
1.723453569977361433e+00
1.723068265000465393e+00
1.722683323828291257e+00
1.722298745848459323e+00
1.721914530450236791e+00
1.721530677024531109e+00
1.721147184963884191e+00
1.720764053662465987e+00
1.720381282516068921e+00
1.719998870922100798e+00
1.719616818279579462e+00
1.719235123989126812e+00
1.718853787452961912e+00
1.718472808074895664e+00
1.718092185260325033e+00
1.717711918416226613e+00
1.717332006951150625e+00
1.716952450275215813e+00
1.716573247800102564e+00
1.716194398939047572e+00
1.715815903106838514e+00
1.715437759719807387e+00
1.715059968195825180e+00
1.714682527954296321e+00
1.714305438416152683e+00
1.713928699003848033e+00
1.713552309141352481e+00
1.713176268254146706e+00
1.712800575769216627e+00
1.712425231115047630e+00
1.712050233721619019e+00
1.711675583020398461e+00
1.711301278444336882e+00
1.710927319427862692e+00
1.710553705406876235e+00
1.710180435818744904e+00
1.709807510102297368e+00
1.709434927697818019e+00
1.709062688047042311e+00
1.708690790593150988e+00
1.708319234780764750e+00
1.707948020055939153e+00
1.707577145866159718e+00
1.707206611660336160e+00
1.706836416888797503e+00
1.706466561003286975e+00
1.706097043456956674e+00
1.705727863704362690e+00
1.705359021201459768e+00
1.704990515405596652e+00
1.704622345775510750e+00
1.704254511771323033e+00
1.703887012854533367e+00
1.703519848488015409e+00
1.703153018136011498e+00
1.702786521264128217e+00
1.702420357339330836e+00
1.702054525829938880e+00
1.701689026205621458e+00
1.701323857937391937e+00
1.700959020497603280e+00
1.700594513359943605e+00
1.700230335999431075e+00
1.699866487892409461e+00
1.699502968516542811e+00
1.699139777350811675e+00
1.698776913875507777e+00
1.698414377572229350e+00
1.698052167923876921e+00
1.697690284414648421e+00
1.697328726530034526e+00
1.696967493756814438e+00
1.696606585583051219e+00
1.696246001498086908e+00
1.695885740992538304e+00
1.695525803558292743e+00
1.695166188688502995e+00
1.694806895877583486e+00
1.694447924621205415e+00
1.694089274416292534e+00
1.693730944761016932e+00
1.693372935154794368e+00
1.693015245098280053e+00
1.692657874093364212e+00
1.692300821643168307e+00
1.691944087252039930e+00
1.691587670425549028e+00
1.691231570670483686e+00
1.690875787494845905e+00
1.690520320407847166e+00
1.690165168919904204e+00
1.689810332542635463e+00
1.689455810788855983e+00
1.689101603172574295e+00
1.688747709208987313e+00
1.688394128414476780e+00
1.688040860306605495e+00
1.687687904404112649e+00
1.687335260226909828e+00
1.686982927296077461e+00
1.686630905133860603e+00
1.686279193263664489e+00
1.685927791210051430e+00
1.685576698498735926e+00
1.685225914656581558e+00
1.684875439211596770e+00
1.684525271692930426e+00
1.684175411630868924e+00
1.683825858556831312e+00
1.683476612003366402e+00
1.683127671504148548e+00
1.682779036593973210e+00
1.682430706808754062e+00
1.682082681685518999e+00
1.681734960762405917e+00
1.681387543578659605e+00
1.681040429674627301e+00
1.680693618591755589e+00
1.680347109872586620e+00
1.680000903060754114e+00
1.679654997700979813e+00
1.679309393339069922e+00
1.678964089521911340e+00
1.678619085797468324e+00
1.678274381714778718e+00
1.677929976823950176e+00
1.677585870676156832e+00
1.677242062823635527e+00
1.676898552819682697e+00
1.676555340218650159e+00
1.676212424575942439e+00
1.675869805448012340e+00
1.675527482392358269e+00
1.675185454967520471e+00
1.674843722733077467e+00
1.674502285249642730e+00
1.674161142078861131e+00
1.673820292783405828e+00
1.673479736926974493e+00
1.673139474074286204e+00
1.672799503791078113e+00
1.672459825644101894e+00
1.672120439201120412e+00
1.671781344030904615e+00
1.671442539703229979e+00
1.671104025788873626e+00
1.670765801859610322e+00
1.670427867488210039e+00
1.670090222248434175e+00
1.669752865715032231e+00
1.669415797463739137e+00
1.669079017071271487e+00
1.668742524115324866e+00
1.668406318174569858e+00
1.668070398828649825e+00
1.667734765658177354e+00
1.667399418244730702e+00
1.667064356170851136e+00
1.666729579020040042e+00
1.666395086376755152e+00
1.666060877826407882e+00
1.665726952955359996e+00
1.665393311350921168e+00
1.665059952601344984e+00
1.664726876295826719e+00
1.664394082024500010e+00
1.664061569378433525e+00
1.663729337949628517e+00
1.663397387331015276e+00
1.663065717116450681e+00
1.662734326900714876e+00
1.662403216279508600e+00
1.662072384849450080e+00
1.661741832208071701e+00
1.661411557953818008e+00
1.661081561686042152e+00
1.660751843005003003e+00
1.660422401511862489e+00
1.660093236808682482e+00
1.659764348498422359e+00
1.659435736184935894e+00
1.659107399472968147e+00
1.658779337968153245e+00
1.658451551277011049e+00
1.658124039006944495e+00
1.657796800766237144e+00
1.657469836164050081e+00
1.657143144810419022e+00
1.656816726316251653e+00
1.656490580293325410e+00
1.656164706354284144e+00
1.655839104112635241e+00
1.655513773182747617e+00
1.655188713179848614e+00
1.654863923720021335e+00
1.654539404420201754e+00
1.654215154898176499e+00
1.653891174772579964e+00
1.653567463662891646e+00
1.653244021189433477e+00
1.652920846973367608e+00
1.652597940636692853e+00
1.652275301802243357e+00
1.651952930093684824e+00
1.651630825135512737e+00
1.651308986553049252e+00
1.650987413972441420e+00
1.650666107020657414e+00
1.650345065325485194e+00
1.650024288515529403e+00
1.649703776220208917e+00
1.649383528069753968e+00
1.649063543695204581e+00
1.648743822728407027e+00
1.648424364802012265e+00
1.648105169549472615e+00
1.647786236605040200e+00
1.647467565603763617e+00
1.647149156181485941e+00
1.646831007974842498e+00
1.646513120621257986e+00
1.646195493758944473e+00
1.645878127026898730e+00
1.645561020064899793e+00
1.645244172513506964e+00
1.644927584014056920e+00
1.644611254208661499e+00
1.644295182740205918e+00
1.643979369252345668e+00
1.643663813389504291e+00
1.643348514796871607e+00
1.643033473120400823e+00
1.642718688006806316e+00
1.642404159103561856e+00
1.642089886058897275e+00
1.641775868521797355e+00
1.641462106141998945e+00
1.641148598569988515e+00
1.640835345457000161e+00
1.640522346455013603e+00
1.640209601216751301e+00
1.639897109395677122e+00
1.639584870645993231e+00
1.639272884622638315e+00
1.638961150981285586e+00
1.638649669378340112e+00
1.638338439470936603e+00
1.638027460916938072e+00
1.637716733374932510e+00
1.637406256504231550e+00
1.637096029964868249e+00
1.636786053417594200e+00
1.636476326523878422e+00
1.636166848945904695e+00
1.635857620346569341e+00
1.635548640389479225e+00
1.635239908738949755e+00
1.634931425060002885e+00
1.634623189018364675e+00
1.634315200280463509e+00
1.634007458513427880e+00
1.633699963385084386e+00
1.633392714563955517e+00
1.633085711719258093e+00
1.632778954520900605e+00
1.632472442639481436e+00
1.632166175746287085e+00
1.631860153513289724e+00
1.631554375613145424e+00
1.631248841719192155e+00
1.630943551505447564e+00
1.630638504646607423e+00
1.630333700818043408e+00
1.630029139695801099e+00
1.629724820956597764e+00
1.629420744277821020e+00
1.629116909337526398e+00
1.628813315814435558e+00
1.628509963387934523e+00
1.628206851738071226e+00
1.627903980545553964e+00
1.627601349491749838e+00
1.627298958258682315e+00
1.626996806529029227e+00
1.626694893986121437e+00
1.626393220313940402e+00
1.626091785197116613e+00
1.625790588320927821e+00
1.625489629371296818e+00
1.625188908034790103e+00
1.624888423998615217e+00
1.624588176950619633e+00
1.624288166579288761e+00
1.623988392573743944e+00
1.623688854623740463e+00
1.623389552419666426e+00
1.623090485652540327e+00
1.622791654014009488e+00
1.622493057196348065e+00
1.622194694892455491e+00
1.621896566795854477e+00
1.621598672600689461e+00
1.621301012001725050e+00
1.621003584694343358e+00
1.620706390374543338e+00
1.620409428738938118e+00
1.620112699484754115e+00
1.619816202309828590e+00
1.619519936912608316e+00
1.619223902992147579e+00
1.618928100248106627e+00
1.618632528380750113e+00
1.618337187090945095e+00
1.618042076080159264e+00
1.617747195050459830e+00
1.617452543704511303e+00
1.617158121745573718e+00
1.616863928877501522e+00
1.616569964804741577e+00
1.616276229232331163e+00
1.615982721865897087e+00
1.615689442411653465e+00
1.615396390576400165e+00
1.615103566067521035e+00
1.614810968592983009e+00
1.614518597861333449e+00
1.614226453581699250e+00
1.613934535463784847e+00
1.613642843217870881e+00
1.613351376554812422e+00
1.613060135186037414e+00
1.612769118823544900e+00
1.612478327179903914e+00
1.612187759968251477e+00
1.611897416902291047e+00
1.611607297696291408e+00
1.611317402065084226e+00
1.611027729724063384e+00
1.610738280389182986e+00
1.610449053776956019e+00
1.610160049604452359e+00
1.609871267589297883e+00
1.609582707449672467e+00
1.609294368904308659e+00
1.609006251672489896e+00
1.608718355474049622e+00
1.608430680029369064e+00
1.608143225059375903e+00
1.607855990285543379e+00
1.607568975429887859e+00
1.607282180214968159e+00
1.606995604363883334e+00
1.606709247600272006e+00
1.606423109648310144e+00
1.606137190232710177e+00
1.605851489078719219e+00
1.605566005912117511e+00
1.605280740459217093e+00
1.604995692446860689e+00
1.604710861602419936e+00
1.604426247653793824e+00
1.604141850329407593e+00
1.603857669358210947e+00
1.603573704469677175e+00
1.603289955393800925e+00
1.603006421861097541e+00
1.602723103602601507e+00
1.602440000349864668e+00
1.602157111834955350e+00
1.601874437790456351e+00
1.601591977949464285e+00
1.601309732045587575e+00
1.601027699812945349e+00
1.600745880986166103e+00
1.600464275300386374e+00
1.600182882491249181e+00
1.599901702294902694e+00
1.599620734447999126e+00
1.599339978687693176e+00
1.599059434751640696e+00
1.598779102377997363e+00
1.598498981305417566e+00
1.598219071273052405e+00
1.597939372020549254e+00
1.597659883288049976e+00
1.597380604816189598e+00
1.597101536346094974e+00
1.596822677619383679e+00
1.596544028378162450e+00
1.596265588365026300e+00
1.595987357323056743e+00
1.595709334995820683e+00
1.595431521127369301e+00
1.595153915462236727e+00
1.594876517745438260e+00
1.594599327722469928e+00
1.594322345139306707e+00
1.594045569742401414e+00
1.593769001278683151e+00
1.593492639495556418e+00
1.593216484140899780e+00
1.592940534963064536e+00
1.592664791710873606e+00
1.592389254133620202e+00
1.592113921981066493e+00
1.591838795003442719e+00
1.591563872951445413e+00
1.591289155576236514e+00
1.591014642629442477e+00
1.590740333863152500e+00
1.590466229029917633e+00
1.590192327882749224e+00
1.589918630175118475e+00
1.589645135660954223e+00
1.589371844094642494e+00
1.589098755231025173e+00
1.588825868825398668e+00
1.588553184633512805e+00
1.588280702411569711e+00
