3.316732137059462904e+00
3.306408287984816674e+00
3.296128744009277245e+00
3.285893310610772389e+00
3.275701794605243133e+00
3.265554004128047083e+00
3.255449748615690364e+00
3.245388838787879315e+00
3.235371086629888815e+00
3.225396305375237471e+00
3.215464309488670569e+00
3.205574914649434337e+00
3.195727937734846869e+00
3.185923196804153701e+00
3.176160511082662730e+00
3.166439700946156677e+00
3.156760587905574234e+00
3.147122994591958545e+00
3.137526744741663709e+00
3.127971663181817963e+00
3.118457575816037775e+00
3.108984309610387076e+00
3.099551692579579854e+00
3.090159553773417667e+00
3.080807723263461195e+00
3.071496032129930942e+00
3.062224312448831309e+00
3.052992397279294945e+00
3.043800120651143803e+00
3.034647317552664258e+00
3.025533823918586496e+00
3.016459476618274849e+00
3.007424113444113090e+00
2.998427573100092669e+00
2.989469695190591914e+00
2.980550320209347070e+00
2.971669289528610314e+00
2.962826445388492047e+00
2.954021630886483507e+00
2.945254689967157891e+00
2.936525467412045565e+00
2.927833808829680251e+00
2.919179560645813964e+00
2.910562570093797152e+00
2.901982685205123591e+00
2.893439754800131158e+00
2.884933628478864254e+00
2.876464156612086764e+00
2.868031190332449132e+00
2.859634581525803299e+00
2.851274182822665537e+00
2.842949847589821388e+00
2.834661429922074483e+00
2.826408784634132143e+00
2.818191767252630431e+00
2.810010234008291086e+00
2.801864041828213026e+00
2.793753048328292632e+00
2.785677111805771045e+00
2.777636091231908910e+00
2.769629846244783700e+00
2.761658237142207373e+00
2.753721124874766613e+00
2.745818371038976746e+00
2.737949837870553349e+00
2.730115388237796648e+00
2.722314885635087833e+00
2.714548194176495066e+00
2.706815178589486504e+00
2.699115704208750799e+00
2.691449636970121073e+00
2.683816843404601471e+00
2.676217190632495413e+00
2.668650546357631992e+00
2.661116778861690069e+00
2.653615756998619624e+00
2.646147350189155034e+00
2.638711428415424276e+00
2.631307862215646054e+00
2.623936522678918859e+00
2.616597281440098399e+00
2.609290010674760296e+00
2.602014583094248934e+00
2.594770871940809798e+00
2.587558750982805744e+00
2.580378094510012765e+00
2.573228777328996131e+00
2.566110674758565580e+00
2.559023662625307338e+00
2.551967617259190746e+00
2.544942415489252596e+00
2.537947934639352088e+00
2.530984052523998162e+00
2.524050647444250561e+00
2.517147598183686608e+00
2.510274784004440374e+00
2.503432084643307132e+00
2.496619380307914415e+00
2.489836551672960141e+00
2.483083479876511568e+00
2.476360046516370872e+00
2.469666133646500672e+00
2.463001623773511284e+00
2.456366399853207483e+00
2.449760345287194774e+00
2.443183343919543837e+00
2.436635280033511375e+00
2.430116038348316909e+00
2.423625504015975984e+00
2.417163562618184880e+00
2.410730100163262613e+00
2.404325003083141343e+00
2.397948158230410076e+00
2.391599452875409870e+00
2.385278774703376126e+00
2.378986011811632384e+00
2.372721052706831202e+00
2.366483786302241210e+00
2.360274101915082134e+00
2.354091889263904669e+00
2.347937038466015203e+00
2.341809440034944956e+00
2.335708984877961747e+00
2.329635564293625283e+00
2.323589069969382415e+00
2.317569393979205028e+00
2.311576428781268788e+00
2.305610067215670078e+00
2.299670202502181127e+00
2.293756728238045994e+00
2.287869538395812974e+00
2.282008527321202074e+00
2.276173589731011582e+00
2.270364620711058379e+00
2.264581515714154225e+00
2.258824170558114908e+00
2.253092481423804916e+00
2.247386344853214091e+00
2.241705657747567138e+00
2.236050317365464224e+00
2.230420221321054886e+00
2.224815267582239464e+00
2.219235354468904298e+00
2.213680380651183555e+00
2.208150245147752599e+00
2.202644847324147559e+00
2.197164086891114643e+00
2.191707863902986109e+00
2.186276078756082430e+00
2.180868632187143330e+00
2.175485425271781903e+00
2.170126359422965834e+00
2.164791336389523480e+00
2.159480258254673490e+00
2.154193027434579299e+00
2.148929546676927149e+00
2.143689719059526322e+00
2.138473447988932463e+00
2.133280637199094443e+00
2.128111190750019865e+00
2.122965013026465009e+00
2.117842008736643411e+00
2.112742082910955776e+00
2.107665140900740308e+00
2.102611088377042581e+00
2.097579831329403177e+00
2.092571276064666197e+00
2.087585329205805085e+00
2.082621897690766666e+00
2.077680888771332945e+00
2.072762210011999784e+00
2.067865769288874223e+00
2.062991474788585577e+00
2.058139235007214740e+00
2.053308958749239910e+00
2.048500555126495204e+00
2.043713933557147477e+00
2.038949003764686019e+00
2.034205675776927791e+00
2.029483859925036437e+00
2.024783466842555057e+00
2.020104407464452745e+00
2.015446593026184896e+00
2.010809935062765952e+00
2.006194345407855018e+00
2.001599736192853474e+00
1.997026019846015465e+00
1.992473109091569272e+00
1.987940916948851111e+00
1.983429356731449378e+00
1.978938342046361099e+00
1.974467786793157709e+00
1.970017605163161933e+00
1.965587711638635104e+00
1.961178020991974469e+00
1.956788448284919157e+00
1.952418908867767255e+00
1.948069318378601089e+00
1.943739592742521394e+00
1.939429648170890585e+00
1.935139401160585138e+00
1.930868768493254839e+00
1.926617667234591602e+00
1.922386014733605153e+00
1.918173728621907159e+00
1.913980726813002242e+00
1.909806927501585871e+00
1.905652249162850920e+00
1.901516610551799324e+00
1.897399930702560855e+00
1.893302128927719430e+00
1.889223124817644095e+00
1.885162838239827110e+00
1.881121189338228028e+00
1.877098098532623105e+00
1.873093486517959594e+00
1.869107274263717589e+00
1.865139383013274532e+00
1.861189734283276609e+00
1.857258249863014354e+00
1.853344851813802929e+00
1.849449462468367056e+00
1.845572004430230617e+00
1.841712400573110475e+00
1.837870574040314287e+00
1.834046448244142091e+00
1.830239946865292344e+00
1.826450993852271498e+00
1.822679513420806696e+00
1.818925430053262682e+00
1.815188668498061153e+00
1.811469153769104112e+00
1.807766811145200103e+00
1.804081566169492667e+00
1.800413344648893021e+00
1.796762072653514064e+00
1.793127676516108160e+00
1.789510082831506033e+00
1.785909218456059877e+00
1.782325010507086693e+00
1.778757386362315840e+00
1.775206273659336809e+00
1.771671600295050331e+00
1.768153294425120814e+00
1.764651284463430558e+00
1.761165499081535302e+00
1.757695867208122209e+00
1.754242318028468972e+00
1.750804780983904019e+00
1.747383185771268499e+00
1.743977462342378937e+00
1.740587540903492103e+00
1.737213351914770110e+00
1.733854826089746393e+00
1.730511894394793249e+00
1.727184488048590483e+00
1.723872538521593611e+00
1.720575977535504064e+00
1.717294737062739607e+00
1.714028749325904766e+00
1.710777946797263027e+00
1.707542262198208372e+00
1.704321628498737917e+00
1.701115978916924787e+00
1.697925246918390751e+00
1.694749366215779984e+00
1.691588270768232594e+00
1.688441894780857711e+00
1.685310172704208131e+00
1.682193039233753185e+00
1.679090429309353150e+00
1.676002278114733235e+00
1.672928521076956221e+00
1.669869093865896881e+00
1.666823932393715069e+00
1.663792972814328808e+00
1.660776151522887156e+00
1.657773405155242630e+00
1.654784670587423845e+00
1.651809884935107275e+00
1.648848985553088564e+00
1.645901910034753390e+00
1.642968596211548782e+00
1.640048982152452650e+00
1.637143006163443770e+00
1.634250606786970428e+00
1.631371722801419066e+00
1.628506293220582490e+00
1.625654257293126959e+00
1.622815554502058610e+00
1.619990124564189449e+00
1.617177907429603323e+00
1.614378843281119469e+00
1.611592872533757159e+00
1.608819935834198800e+00
1.606059974060251694e+00
1.603312928320310471e+00
1.600578739952817298e+00
1.597857350525722309e+00
1.595148701835942484e+00
1.592452735908820305e+00
1.589769394997581298e+00
1.587098621582790692e+00
1.584440358371809188e+00
1.581794548298248282e+00
1.579161134521424037e+00
1.576540060425810408e+00
1.573931269620492124e+00
1.571334705938615350e+00
1.568750313436839017e+00
1.566178036394784368e+00
1.563617819314483182e+00
1.561069606919826436e+00
1.558533344156010969e+00
1.556008976188985704e+00
1.553496448404896757e+00
1.550995706409531660e+00
1.548506696027762919e+00
1.546029363302990234e+00
1.543563654496582505e+00
1.541109516087318054e+00
1.538666894770824856e+00
1.536235737459018758e+00
1.533815991279542601e+00
1.531407603575202003e+00
1.529010521903402697e+00
1.526624694035585650e+00
1.524250067956660848e+00
1.521886591864441973e+00
1.519534214169078634e+00
1.517192883492488376e+00
1.514862548667788023e+00
1.512543158738723470e+00
1.510234662959099916e+00
1.507937010792209653e+00
1.505650151910260748e+00
1.503374036193803276e+00
1.501108613731156671e+00
1.498853834817833963e+00
1.496609649955967569e+00
1.494376009853732867e+00
1.492152865424771324e+00
1.489940167787613401e+00
1.487737868265100349e+00
1.485545918383805120e+00
1.483364269873452601e+00
1.481192874666340087e+00
1.479031684896755960e+00
1.476880652900397939e+00
1.474739731213791538e+00
1.472608872573706540e+00
1.470488029916574346e+00
1.468377156377903558e+00
1.466276205291695334e+00
1.464185130189858519e+00
1.462103884801624121e+00
1.460032423052958661e+00
1.457970699065977982e+00
1.455918667158359492e+00
1.453876281842754858e+00
1.451843497826202034e+00
1.449820270009536172e+00
1.447806553486800984e+00
1.445802303544658995e+00
1.443807475661802009e+00
1.441822025508360472e+00
1.439845908945313280e+00
1.437879082023896471e+00
1.435921500985012367e+00
1.433973122258637378e+00
1.432033902463230479e+00
1.430103798405141013e+00
1.428182767078016280e+00
1.426270765662208673e+00
1.424367751524182601e+00
1.422473682215921853e+00
1.420588515474335845e+00
1.418712209220666320e+00
1.416844721559893161e+00
1.414986010780141523e+00
1.413136035352086761e+00
1.411294753928361345e+00
1.409462125342960448e+00
1.407638108610647087e+00
1.405822662926359046e+00
1.404015747664613345e+00
1.402217322378912501e+00
1.400427346801150552e+00
1.398645780841018205e+00
1.396872584585408639e+00
1.395107718297823540e+00
1.393351142417778687e+00
1.391602817560209981e+00
1.389862704514879699e+00
1.388130764245782300e+00
1.386406957890550906e+00
1.384691246759863992e+00
1.382983592336851419e+00
1.381283956276502023e+00
1.379592300405070082e+00
1.377908586719482908e+00
1.376232777386748207e+00
1.374564834743361885e+00
1.372904721294716079e+00
1.371252399714507852e+00
1.369607832844147222e+00
1.367970983692166520e+00
1.366341815433629980e+00
1.364720291409543096e+00
1.363106375126262648e+00
1.361500030254907623e+00
1.359901220630769458e+00
1.358309910252724073e+00
1.356726063282643224e+00
1.355149644044806756e+00
1.353580617025315513e+00
1.352018946871504257e+00
1.350464598391355908e+00
1.348917536552915131e+00
1.347377726483703464e+00
1.345845133470134902e+00
1.344319722956931251e+00
1.342801460546539039e+00
1.341290311998546869e+00
1.339786243229102336e+00
1.338289220310331373e+00
1.336799209469756278e+00
1.335316177089716394e+00
1.333840089706787468e+00
1.332370914011203666e+00
1.330908616846278480e+00
1.329453165207827858e+00
1.328004526243593331e+00
1.326562667252665362e+00
1.325127555684908920e+00
1.323699159140388604e+00
1.322277445368794657e+00
1.320862382268870761e+00
1.319453937887841599e+00
1.318052080420841321e+00
1.316656778210343770e+00
1.315267999745592276e+00
1.313885713662031662e+00
1.312509888740740260e+00
1.311140493907862581e+00
1.309777498234044213e+00
1.308420870933865832e+00
1.307070581365279871e+00
1.305726599029046753e+00
1.304388893568173335e+00
1.303057434767351142e+00
1.301732192552396361e+00
1.300413136989690521e+00
1.299100238285622266e+00
1.297793466786030248e+00
1.296492792975646680e+00
1.295198187477542673e+00
1.293909621052573122e+00
1.292627064598824926e+00
1.291350489151064318e+00
1.290079865880185750e+00
1.288815166092662778e+00
1.287556361229998725e+00
1.286303422868179558e+00
1.285056322717127442e+00
1.283815032620154950e+00
1.282579524553421058e+00
1.281349770625388684e+00
1.280125743076282241e+00
1.278907414277546950e+00
1.277694756731309500e+00
1.276487743069839809e+00
1.275286346055013675e+00
1.274090538577777210e+00
1.272900293657611703e+00
1.271715584442000502e+00
1.270536384205896319e+00
1.269362666351190994e+00
1.268194404406185027e+00
1.267031572025059560e+00
1.265874142987348794e+00
1.264722091197414189e+00
1.263575390683919997e+00
1.262434015599309456e+00
1.261297940219282987e+00
1.260167138942277498e+00
1.259041586288946579e+00
1.257921256901642471e+00
1.256806125543899588e+00
1.255696167099918270e+00
1.254591356574051408e+00
1.253491669090291083e+00
1.252397079891757414e+00
1.251307564340187861e+00
1.250223097915429404e+00
1.249143656214930287e+00
1.248069214953234196e+00
1.246999749961476223e+00
1.245935237186878597e+00
1.244875652692249757e+00
1.243820972655483192e+00
1.242771173369058735e+00
1.241726231239544731e+00
1.240686122787101997e+00
1.239650824644988658e+00
1.238620313559066988e+00
1.237594566387311135e+00
1.236573560099316849e+00
1.235557271775812316e+00
1.234545678608170105e+00
1.233538757897921334e+00
1.232536487056270502e+00
1.231538843603612543e+00
1.230545805169050322e+00
1.229557349489914575e+00
1.228573454411285182e+00
1.227594097885512880e+00
1.226619257971744092e+00
1.225648912835445303e+00
1.224683040747930773e+00
1.223721620085890693e+00
1.222764629330920894e+00
1.221812047069054330e+00
1.220863851990293236e+00
1.219920022888144606e+00
1.218980538659154789e+00
1.218045378302447634e+00
1.217114520919262866e+00
1.216187945712496221e+00
1.215265631986241379e+00
1.214347559145333433e+00
1.213433706694893477e+00
1.212524054239874527e+00
1.211618581484610102e+00
1.210717268232362587e+00
1.209820094384874922e+00
1.208927039941922299e+00
1.208038085000866069e+00
1.207153209756209211e+00
1.206272394499153577e+00
1.205395619617157354e+00
1.204522865593495862e+00
1.203654113006822346e+00
1.202789342530730998e+00
1.201928534933321746e+00
1.201071671076766156e+00
1.200218731916874448e+00
1.199369698502665171e+00
1.198524551975935104e+00
1.197683273570831819e+00
1.196845844613426912e+00
1.196012246521291456e+00
1.195182460803072555e+00
1.194356469058071024e+00
1.193534252975821719e+00
1.192715794335674317e+00
1.191901075006376542e+00
1.191090076945657383e+00
1.190282782199814315e+00
1.189479172903299187e+00
1.188679231278308102e+00
1.187882939634371082e+00
1.187090280367944395e+00
1.186301235962003542e+00
1.185515788985638475e+00
1.184733922093649694e+00
1.183955618026146350e+00
1.183180859608146118e+00
1.182409629749175295e+00
1.181641911442872228e+00
1.180877687766590300e+00
1.180116941881004466e+00
1.179359657029717567e+00
1.178605816538869089e+00
1.177855403816745472e+00
1.177108402353391092e+00
1.176364795720221901e+00
1.175624567569639289e+00
1.174887701634647064e+00
1.174154181728468416e+00
1.173423991744165118e+00
1.172697115654257827e+00
1.171973537510348828e+00
1.171253241442744786e+00
1.170536211660082149e+00
1.169822432448953897e+00
1.169111888173537395e+00
1.168404563275223795e+00
1.167700442272249228e+00
1.166999509759326870e+00
1.166301750407281457e+00
1.165607148962684469e+00
1.164915690247490865e+00
1.164227359158677810e+00
1.163542140667884306e+00
1.162860019821052582e+00
1.162180981738070829e+00
1.161505011612417482e+00
1.160832094710806839e+00
1.160162216372836674e+00
1.159495362010636077e+00
1.158831517108516396e+00
1.158170667222621963e+00
1.157512797980583708e+00
1.156857895081173426e+00
1.156205944293959176e+00
1.155556931458963321e+00
1.154910842486320588e+00
1.154267663355938556e+00
1.153627380117159484e+00
1.152989978888423028e+00
1.152355445856930505e+00
1.151723767278311161e+00
1.151094929476289552e+00
1.150468918842353583e+00
1.149845721835425438e+00
1.149225324981532292e+00
1.148607714873480123e+00
1.147992878170527309e+00
1.147380801598060662e+00
1.146771471947272802e+00
1.146164876074839967e+00
1.145561000902602489e+00
1.144959833417245942e+00
1.144361360669984062e+00
1.143765569776242108e+00
1.143172447915343115e+00
1.142581982330194146e+00
1.141994160326974539e+00
1.141408969274825491e+00
1.140826396605541193e+00
1.140246429813260631e+00
1.139669056454161389e+00
1.139094264146154778e+00
1.138522040568581861e+00
1.137952373461911248e+00
1.137385250627437783e+00
1.136820659926983224e+00
1.136258589282598042e+00
1.135699026676263657e+00
1.135141960149597340e+00
1.134587377803557784e+00
1.134035267798151558e+00
1.133485618352142232e+00
1.132938417742758830e+00
1.132393654305407615e+00
1.131851316433383881e+00
1.131311392577585284e+00
1.130773871246226747e+00
1.130238741004556458e+00
1.129705990474573207e+00
1.129175608334745062e+00
1.128647583319729142e+00
1.128121904220092730e+00
1.127598559882035723e+00
1.127077539207114398e+00
1.126558831151966311e+00
1.126042424728036728e+00
1.125528309001305516e+00
1.125016473092016467e+00
1.124506906174406851e+00
1.123999597476438961e+00
1.123494536279532108e+00
1.122991711918296609e+00
1.122491113780268890e+00
1.121992731305646807e+00
1.121496553987027633e+00
1.121002571369146938e+00
1.120510773048617237e+00
1.120021148673670197e+00
1.119533687943897737e+00
1.119048380609996451e+00
1.118565216473511370e+00
1.118084185386582163e+00
1.117605277251689788e+00
1.117128482021405134e+00
1.116653789698137667e+00
1.116181190333886519e+00
1.115710674029992022e+00
1.115242230936888346e+00
1.114775851253857697e+00
1.114311525228785182e+00
1.113849243157915447e+00
1.113388995385610203e+00
1.112930772304106419e+00
1.112474564353276518e+00
1.112020362020389008e+00
1.111568155839870453e+00
1.111117936393068995e+00
1.110669694308018096e+00
1.110223420259202509e+00
1.109779104967324459e+00
1.109336739199071165e+00
1.108896313766884134e+00
1.108457819528728017e+00
1.108021247387862784e+00
1.107586588292614804e+00
1.107153833236150353e+00
1.106722973256249798e+00
1.106293999435083109e+00
1.105866902898985593e+00
1.105441674818236297e+00
1.105018306406835737e+00
1.104596788922285855e+00
1.104177113665370635e+00
1.103759271979937617e+00
1.103343255252681177e+00
1.102929054912926032e+00
1.102516662432411865e+00
1.102106069325079485e+00
1.101697267146857895e+00
1.101290247495452235e+00
1.100885002010132618e+00
1.100481522371524079e+00
1.100079800301398070e+00
1.099679827562464185e+00
1.099281595958163216e+00
1.098885097332461536e+00
1.098490323569646154e+00
1.098097266594120436e+00
1.097705918370201594e+00
1.097316270901918633e+00
1.096928316232811618e+00
1.096542046445731389e+00
1.096157453662640835e+00
1.095774530044416828e+00
1.095393267790653491e+00
1.095013659139465689e+00
1.094635696367294297e+00
1.094259371788712132e+00
1.093884677756230328e+00
1.093511606660106716e+00
1.093140150928154197e+00
1.092770303025550449e+00
1.092402055454648968e+00
1.092035400754789887e+00
1.091670331502113012e+00
1.091306840309371307e+00
1.090944919825744819e+00
1.090584562736656382e+00
1.090225761763587320e+00
1.089868509663894924e+00
1.089512799230630158e+00
1.089158623292357131e+00
1.088805974712972358e+00
1.088454846391525344e+00
1.088105231262040729e+00
1.087757122293340428e+00
1.087410512488866887e+00
1.087065394886507663e+00
1.086721762558420457e+00
1.086379608610858805e+00
1.086038926183999553e+00
1.085699708451769885e+00
1.085361948621676120e+00
1.085025639934633856e+00
1.084690775664797213e+00
1.084357349119390745e+00
1.084025353638540912e+00
1.083694782595109540e+00
1.083365629394527074e+00
1.083037887474627148e+00
1.082711550305481829e+00
1.082386611389238196e+00
1.082063064259954688e+00
1.081740902483439903e+00
1.081420119657090062e+00
1.081100709409729355e+00
1.080782665401449849e+00
1.080465981323452729e+00
1.080150650897889530e+00
1.079836667877706047e+00
1.079524026046484453e+00
1.079212719218288319e+00
1.078902741237507401e+00
1.078594085978703543e+00
1.078286747346457464e+00
1.077980719275215771e+00
1.077675995729139080e+00
1.077372570701951471e+00
1.077070438216789494e+00
1.076769592326052960e+00
1.076470027111256389e+00
1.076171736682880242e+00
1.075874715180224594e+00
1.075578956771261474e+00
1.075284455652490090e+00
1.074991206048791392e+00
1.074699202213283300e+00
1.074408438427177703e+00
1.074118908999637689e+00
1.073830608267634545e+00
1.073543530595807649e+00
1.073257670376322359e+00
1.072973022028731238e+00
1.072689579999834164e+00
1.072407338763539997e+00
1.072126292820728466e+00
1.071846436699113392e+00
1.071567764953106350e+00
1.071290272163680335e+00
1.071013952938234981e+00
1.070738801910462668e+00
1.070464813740214405e+00
1.070191983113366607e+00
1.069920304741689199e+00
1.069649773362714162e+00
1.069380383739603868e+00
1.069112130661021620e+00
1.068845008941001318e+00
1.068579013418818890e+00
1.068314138958863957e+00
1.068050380450512371e+00
1.067787732807998768e+00
1.067526190970290667e+00
1.067265749900962346e+00
1.067006404588070501e+00
1.066748150044029009e+00
1.066490981305485919e+00
1.066234893433199993e+00
1.065979881511917915e+00
1.065725940650253056e+00
1.065473065980563572e+00
1.065221252658832718e+00
1.064970495864547839e+00
1.064720790800581574e+00
1.064472132693073059e+00
1.064224516791309805e+00
1.063977938367609788e+00
1.063732392717204656e+00
1.063487875158124041e+00
1.063244381031078989e+00
1.063001905699347160e+00
1.062760444548658256e+00
1.062519992987080331e+00
1.062280546444905882e+00
1.062042100374539277e+00
1.061804650250385063e+00
1.061568191568735831e+00
1.061332719847660977e+00
1.061098230626896788e+00
1.060864719467736306e+00
1.060632181952919861e+00
1.060400613686526494e+00
1.060170010293865595e+00
1.059940367421369656e+00
1.059711680736486361e+00
1.059483945927572890e+00
1.059257158703789559e+00
1.059031314794994350e+00
1.058806409951638106e+00
1.058582439944660170e+00
1.058359400565384689e+00
1.058137287625417144e+00
1.057916096956541541e+00
1.057695824410618490e+00
1.057476465859483294e+00
1.057258017194845134e+00
1.057040474328186042e+00
1.056823833190660977e+00
1.056608089732998135e+00
1.056393239925399907e+00
1.056179279757444522e+00
1.055966205237987676e+00
1.055754012395065500e+00
1.055542697275796860e+00
1.055332255946286990e+00
1.055122684491532015e+00
1.054913979015323022e+00
1.054706135640150588e+00
1.054499150507111072e+00
1.054293019775812024e+00
1.054087739624278486e+00
1.053883306248860618e+00
1.053679715864140443e+00
1.053476964702839913e+00
1.053275049015729214e+00
1.053073965071535723e+00
1.052873709156853410e+00
1.052674277576052475e+00
1.052475666651189190e+00
1.052277872721917529e+00
1.052080892145399682e+00
1.051884721296217684e+00
1.051689356566285927e+00
1.051494794364763230e+00
1.051301031117966023e+00
1.051108063269282189e+00
1.050915887279084249e+00
1.050724499624644537e+00
1.050533896800049050e+00
1.050344075316113734e+00
1.050155031700299224e+00
1.049966762496627570e+00
1.049779264265598755e+00
1.049592533584107201e+00
1.049406567045359839e+00
1.049221361258793728e+00
1.049036912849993897e+00
1.048853218460612524e+00
1.048670274748288112e+00
1.048488078386564881e+00
1.048306626064812619e+00
1.048125914488146959e+00
1.047945940377350782e+00
1.047766700468794943e+00
1.047588191514359668e+00
1.047410410281357285e+00
1.047233353552454060e+00
1.047057018125592931e+00
1.046881400813917562e+00
1.046706498445695077e+00
1.046532307864240563e+00
1.046358825927841352e+00
1.046186049509681748e+00
1.046013975497768644e+00
1.045842600794856692e+00
1.045671922318374358e+00
1.045501937000350434e+00
1.045332641787340755e+00
1.045164033640355150e+00
1.044996109534785278e+00
1.044828866460332017e+00
1.044662301420934414e+00
1.044496411434697958e+00
1.044331193533823088e+00
1.044166644764535690e+00
1.044002762187015820e+00
1.043839542875328430e+00
1.043676983917353418e+00
1.043515082414716577e+00
1.043353835482721204e+00
1.043193240250279263e+00
1.043033293859843225e+00
1.042873993467338556e+00
1.042715336242096003e+00
1.042557319366784974e+00
1.042399940037346706e+00
1.042243195462927874e+00
1.042087082865814640e+00
1.041931599481366710e+00
1.041776742557952495e+00
1.041622509356883830e+00
1.041468897152351580e+00
1.041315903231361029e+00
1.041163524893668146e+00
1.041011759451715868e+00
1.040860604230570585e+00
1.040710056567859976e+00
1.040560113813709275e+00
1.040410773330679550e+00
1.040262032493705746e+00
1.040113888690034738e+00
1.039966339319164490e+00
1.039819381792782105e+00
1.039673013534704094e+00
1.039527231980815314e+00
1.039382034579009018e+00
1.039237418789127565e+00
1.039093382082902250e+00
1.038949921943894239e+00
1.038807035867436390e+00
1.038664721360573973e+00
1.038522975942006932e+00
1.038381797142031271e+00
1.038241182502482207e+00
1.038101129576676440e+00
1.037961635929355309e+00
1.037822699136627502e+00
1.037684316785913330e+00
1.037546486475888319e+00
1.037409205816426816e+00
1.037272472428547143e+00
1.037136283944356085e+00
1.037000638006993825e+00
1.036865532270579315e+00
1.036730964400155441e+00
1.036596932071635280e+00
1.036463432971748366e+00
1.036330464797986961e+00
1.036198025258552313e+00
1.036066112072302037e+00
1.035934722968697486e+00
1.035803855687751129e+00
1.035673507979973929e+00
1.035543677606324042e+00
1.035414362338154648e+00
1.035285559957162871e+00
1.035157268255338492e+00
1.035029485034913099e+00
1.034902208108309241e+00
1.034775435298090684e+00
1.034649164436911573e+00
1.034523393367467126e+00
1.034398119942443905e+00
1.034273342024470521e+00
1.034149057486068557e+00
1.034025264209603501e+00
1.033901960087236782e+00
1.033779143020876923e+00
