7.661666624533959080e+00
7.659470703753755494e+00
7.657278050049274754e+00
7.655088648688431974e+00
7.652902485051850334e+00
7.650719544631648716e+00
7.648539813030250656e+00
7.646363275959204842e+00
7.644189919238023379e+00
7.642019728793040478e+00
7.639852690656278256e+00
7.637688790964334729e+00
7.635528015957285142e+00
7.633370351977596613e+00
7.631215785469059654e+00
7.629064302975731238e+00
7.626915891140894743e+00
7.624770536706032331e+00
7.622628226509811533e+00
7.620488947487086051e+00
7.618352686667906326e+00
7.616219431176547872e+00
7.614089168230550264e+00
7.611961885139766792e+00
7.609837569305430094e+00
7.607716208219227561e+00
7.605597789462390956e+00
7.603482300704793140e+00
7.601369729704063438e+00
7.599260064304708351e+00
7.597153292437246463e+00
7.595049402117354020e+00
7.592948381445022044e+00
7.590850218603720556e+00
7.588754901859579682e+00
7.586662419560576964e+00
7.584572760135733560e+00
7.582485912094324654e+00
7.580401864025098746e+00
7.578320604595503163e+00
7.576242122550923774e+00
7.574166406713930932e+00
7.572093445983537841e+00
7.570023229334466031e+00
7.567955745816418833e+00
7.565890984553367282e+00
7.563828934742840460e+00
7.561769585655229164e+00
7.559712926633094909e+00
7.557658947090486912e+00
7.555607636512271519e+00
7.553558984453463410e+00
7.551512980538571007e+00
7.549469614460947220e+00
7.547428875982145513e+00
7.545390754931287525e+00
7.543355241204438677e+00
7.541322324763986451e+00
7.539291995638029320e+00
7.537264243919774565e+00
7.535239059766940528e+00
7.533216433401164203e+00
7.531196355107422136e+00
7.529178815233451338e+00
7.527163804189180851e+00
7.525151312446167751e+00
7.523141330537043814e+00
7.521133849054963072e+00
7.519128858653058245e+00
7.517126350043906058e+00
7.515126313998993446e+00
7.513128741348194417e+00
7.511133622979251356e+00
7.509140949837259882e+00
7.507150712924164360e+00
7.505162903298256083e+00
7.503177512073676780e+00
7.501194530419928341e+00
7.499213949561389647e+00
7.497235760776836067e+00
7.495259955398967833e+00
7.493286524813940197e+00
7.491315460460900688e+00
7.489346753831530812e+00
7.487380396469593080e+00
7.485416379970484257e+00
7.483454695980792160e+00
7.481495336197856005e+00
7.479538292369336538e+00
7.477583556292784372e+00
7.475631119815217218e+00
7.473680974832702439e+00
7.471733113289940498e+00
7.469787527179856390e+00
7.467844208543191975e+00
7.465903149468107181e+00
7.463964342089782988e+00
7.462027778590026195e+00
7.460093451196883940e+00
7.458161352184259130e+00
7.456231473871528515e+00
7.454303808623168770e+00
7.452378348848383460e+00
7.450455087000734444e+00
7.448534015577778611e+00
7.446615127120708166e+00
7.444698414213991811e+00
7.442783869485023907e+00
7.440871485603775426e+00
7.438961255282446672e+00
7.437053171275127994e+00
7.435147226377458729e+00
7.433243413426295021e+00
7.431341725299377643e+00
7.429442154915002483e+00
7.427544695231699023e+00
7.425649339247907044e+00
7.423756080001659541e+00
7.421864910570267426e+00
7.419975824070010439e+00
7.418088813655825398e+00
7.416203872521004214e+00
7.414320993896891032e+00
7.412440171052582016e+00
7.410561397294631369e+00
7.408684665966758232e+00
7.406809970449554470e+00
7.404937304160200462e+00
7.403066660552179101e+00
7.401198033114996022e+00
7.399331415373900711e+00
7.397466800889608507e+00
7.395604183258031483e+00
7.393743556110004889e+00
7.391884913111020694e+00
7.390028247960962915e+00
7.388173554393844711e+00
7.386320826177549925e+00
7.384470057113572850e+00
7.382621241036767756e+00
7.380774371815092216e+00
7.378929443349360184e+00
7.377086449572994198e+00
7.375245384451778463e+00
7.373406241983619935e+00
7.371569016198304958e+00
7.369733701157261230e+00
7.367900290953324216e+00
7.366068779710503556e+00
7.364239161583748583e+00
7.362411430758723618e+00
7.360585581451579706e+00
7.358761607908727242e+00
7.356939504406618369e+00
7.355119265251523153e+00
7.353300884779311986e+00
7.351484357355239752e+00
7.349669677373730892e+00
7.347856839258168016e+00
7.346045837460681405e+00
7.344236666461940288e+00
7.342429320770946788e+00
7.340623794924832524e+00
7.338820083488654333e+00
7.337018181055194432e+00
7.335218082244763238e+00
7.333419781704998641e+00
7.331623274110675048e+00
7.329828554163507093e+00
7.328035616591958679e+00
7.326244456151055573e+00
7.324455067622193560e+00
7.322667445812954590e+00
7.320881585556922033e+00
7.319097481713495945e+00
7.317315129167713650e+00
7.315534522830069442e+00
7.313755657636335172e+00
7.311978528547387057e+00
7.310203130549027151e+00
7.308429458651811927e+00
7.306657507890879977e+00
7.304887273325783248e+00
7.303118750040315632e+00
7.301351933142348649e+00
7.299586817763662694e+00
7.297823399059785388e+00
7.296061672209828153e+00
7.294301632416323677e+00
7.292543274905067818e+00
7.290786594924958841e+00
7.289031587747841101e+00
7.287278248668351388e+00
7.285526573003761719e+00
7.283776556093827459e+00
7.282028193300635444e+00
7.280281480008453876e+00
7.278536411623582225e+00
7.276792983574204676e+00
7.275051191310243581e+00
7.273311030303212021e+00
7.271572496046072587e+00
7.269835584053092603e+00
7.268100289859703800e+00
7.266366609022361978e+00
7.264634537118406676e+00
7.262904069745924396e+00
7.261175202523610039e+00
7.259447931090634576e+00
7.257722251106506484e+00
7.255998158250942076e+00
7.254275648223730499e+00
7.252554716744604946e+00
7.250835359553109427e+00
7.249117572408474430e+00
7.247401351089484578e+00
7.245686691394354284e+00
7.243973589140601632e+00
7.242262040164924031e+00
7.240552040323074756e+00
7.238843585489737720e+00
7.237136671558410228e+00
7.235431294441278638e+00
7.233727450069101117e+00
7.232025134391087740e+00
7.230324343374783247e+00
7.228625073005951585e+00
7.226927319288457774e+00
7.225231078244154226e+00
7.223536345912768830e+00
7.221843118351788604e+00
7.220151391636351335e+00
7.218461161859131003e+00
7.216772425130230317e+00
7.215085177577069686e+00
7.213399415344279753e+00
7.211715134593593923e+00
7.210032331503741787e+00
7.208351002270342534e+00
7.206671143105800148e+00
7.204992750239200383e+00
7.203315819916205953e+00
7.201640348398956171e+00
7.199966331965962141e+00
7.198293766912009062e+00
7.196622649548054085e+00
7.194952976201128614e+00
7.193284743214238830e+00
7.191617946946268880e+00
7.189952583771882288e+00
7.188288650081426923e+00
7.186626142280840845e+00
7.184965056791554616e+00
7.183305390050400696e+00
7.181647138509518413e+00
7.179990298636261592e+00
7.178334866913106183e+00
7.176680839837562331e+00
7.175028213922079345e+00
7.173376985693960428e+00
7.171727151695271196e+00
7.170078708482751750e+00
7.168431652627730521e+00
7.166785980716036342e+00
7.165141689347911402e+00
7.163498775137926877e+00
7.161857234714897658e+00
7.160217064721798863e+00
7.158578261815680577e+00
7.156940822667586133e+00
7.155304743962469516e+00
7.153670022399113648e+00
7.152036654690049566e+00
7.150404637561474708e+00
7.148773967753173864e+00
7.147144642018441019e+00
7.145516657123998527e+00
7.143890009849919842e+00
7.142264696989553130e+00
7.140640715349442225e+00
7.139018061749252908e+00
7.137396733021693862e+00
7.135776726012444726e+00
7.134158037580078826e+00
7.132540664595991231e+00
7.130924603944323259e+00
7.129309852521890534e+00
7.127696407238110154e+00
7.126084265014928754e+00
7.124473422786751442e+00
7.122863877500370755e+00
7.121255626114895598e+00
7.119648665601682858e+00
7.118042992944266345e+00
7.116438605138288409e+00
7.114835499191432433e+00
7.113233672123355333e+00
7.111633120965617394e+00
7.110033842761619205e+00
7.108435834566532385e+00
7.106839093447234745e+00
7.105243616482244562e+00
7.103649400761656629e+00
7.102056443387076534e+00
7.100464741471557595e+00
7.098874292139536024e+00
7.097285092526768757e+00
7.095697139780271279e+00
7.094110431058253674e+00
7.092524963530061122e+00
7.090940734376109944e+00
7.089357740787829876e+00
7.087775979967600115e+00
7.086195449128691592e+00
7.084616145495206574e+00
7.083038066302020042e+00
7.081461208794720186e+00
7.079885570229550673e+00
7.078311147873352027e+00
7.076737939003503897e+00
7.075165940907869988e+00
7.073595150884738558e+00
7.072025566242767347e+00
7.070457184300927622e+00
7.068890002388448224e+00
7.067324017844760498e+00
7.065759228019445004e+00
7.064195630272174675e+00
7.062633221972661524e+00
7.061072000500603352e+00
7.059511963245630461e+00
7.057953107607253251e+00
7.056395430994808038e+00
7.054838930827406429e+00
7.053283604533882922e+00
7.051729449552741613e+00
7.050176463332109122e+00
7.048624643329679529e+00
7.047073987012666407e+00
7.045524491857753091e+00
7.043976155351039381e+00
7.042428974987997137e+00
7.040882948273416986e+00
7.039338072721362138e+00
7.037794345855117761e+00
7.036251765207144793e+00
7.034710328319031980e+00
7.033170032741447031e+00
7.031630876034091315e+00
7.030092855765650128e+00
7.028555969513749169e+00
7.027020214864907466e+00
7.025485589414491194e+00
7.023952090766666601e+00
7.022419716534357370e+00
7.020888464339198443e+00
7.019358331811489826e+00
7.017829316590155742e+00
7.016301416322696660e+00
7.014774628665148448e+00
7.013248951282036181e+00
7.011724381846333287e+00
7.010200918039417139e+00
7.008678557551027311e+00
7.007157298079221164e+00
7.005637137330335662e+00
7.004118073018941182e+00
7.002600102867801546e+00
7.001083224607834055e+00
6.999567435978067742e+00
6.998052734725600743e+00
6.996539118605562102e+00
6.995026585381070916e+00
6.993515132823195479e+00
6.992004758710914203e+00
6.990495460831076535e+00
6.988987236978362105e+00
6.987480084955245196e+00
6.985974002571951225e+00
6.984468987646422988e+00
6.982965038004278924e+00
6.981462151478776690e+00
6.979960325910774976e+00
6.978459559148697089e+00
6.976959849048491868e+00
6.975461193473598165e+00
6.973963590294907533e+00
6.972467037390726929e+00
6.970971532646743185e+00
6.969477073955987478e+00
6.967983659218798920e+00
6.966491286342787248e+00
6.964999953242800856e+00
6.963509657840887712e+00
6.962020398066263382e+00
6.960532171855275507e+00
6.959044977151369160e+00
6.957558811905050433e+00
6.956073674073856239e+00
6.954589561622317007e+00
6.953106472521925596e+00
6.951624404751101771e+00
6.950143356295159336e+00
6.948663325146274161e+00
6.947184309303451322e+00
6.945706306772489569e+00
6.944229315565952909e+00
6.942753333703135965e+00
6.941278359210032001e+00
6.939804390119301836e+00
6.938331424470241870e+00
6.936859460308751224e+00
6.935388495687304200e+00
6.933918528664914760e+00
6.932449557307108989e+00
6.930981579685891347e+00
6.929514593879717133e+00
6.928048597973460510e+00
6.926583590058384310e+00
6.925119568232110723e+00
6.923656530598590209e+00
6.922194475268074854e+00
6.920733400357084619e+00
6.919273303988382473e+00
6.917814184290941526e+00
6.916356039399918387e+00
6.914898867456623854e+00
6.913442666608494491e+00
6.911987435009064207e+00
6.910533170817934945e+00
6.909079872200750039e+00
6.907627537329166678e+00
6.906176164380826599e+00
6.904725751539329437e+00
6.903276296994204309e+00
6.901827798940884939e+00
6.900380255580680355e+00
6.898933665120749126e+00
6.897488025774071829e+00
6.896043335759424409e+00
6.894599593301352414e+00
6.893156796630145244e+00
6.891714943981808617e+00
6.890274033598038805e+00
6.888834063726198664e+00
6.887395032619288315e+00
6.885956938535923832e+00
6.884519779740307932e+00
6.883083554502208656e+00
6.881648261096930952e+00
6.880213897805293577e+00
6.878780462913604232e+00
6.877347954713633804e+00
6.875916371502592384e+00
6.874485711583106173e+00
6.873055973263190843e+00
6.871627154856229325e+00
6.870199254680946943e+00
6.868772271061389212e+00
6.867346202326896076e+00
6.865921046812078821e+00
6.864496802856797864e+00
6.863073468806138777e+00
6.861651043010388307e+00
6.860229523825013054e+00
6.858808909610634608e+00
6.857389198733009117e+00
6.855970389563002421e+00
6.854552480476568732e+00
6.853135469854729322e+00
6.851719356083548540e+00
6.850304137554111605e+00
6.848889812662503296e+00
6.847476379809787517e+00
6.846063837401983321e+00
6.844652183850044480e+00
6.843241417569836393e+00
6.841831536982117434e+00
6.840422540512516747e+00
6.839014426591511153e+00
6.837607193654406501e+00
6.836200840141315460e+00
6.834795364497137093e+00
6.833390765171537318e+00
6.831987040618925811e+00
6.830584189298439135e+00
6.829182209673916759e+00
6.827781100213882404e+00
6.826380859391525391e+00
6.824981485684678439e+00
6.823582977575799013e+00
6.822185333551948005e+00
6.820788552104772862e+00
6.819392631730486265e+00
6.817997570929845708e+00
6.816603368208136615e+00
6.815210022075151031e+00
6.813817531045169851e+00
6.812425893636943286e+00
6.811035108373671321e+00
6.809645173782985950e+00
6.808256088396932526e+00
6.806867850751949334e+00
6.805480459388851600e+00
6.804093912852811954e+00
6.802708209693340891e+00
6.801323348464270779e+00
6.799939327723737215e+00
6.798556146034158587e+00
6.797173801962221873e+00
6.795792294078863094e+00
6.794411620959248665e+00
6.793031781182758522e+00
6.791652773332969240e+00
6.790274595997636276e+00
6.788897247768676202e+00
6.787520727242149832e+00
6.786145033018245343e+00
6.784770163701259627e+00
6.783396117899583189e+00
6.782022894225682386e+00
6.780650491296083437e+00
6.779278907731354664e+00
6.777908142156089610e+00
6.776538193198892834e+00
6.775169059492360368e+00
6.773800739673064619e+00
6.772433232381540158e+00
6.771066536262263291e+00
6.769700649963640515e+00
6.768335572137988976e+00
6.766971301441523146e+00
6.765607836534336172e+00
6.764245176080386557e+00
6.762883318747482164e+00
6.761522263207263350e+00
6.760162008135187861e+00
6.758802552210516623e+00
6.757443894116296867e+00
6.756086032539347030e+00
6.754728966170243432e+00
6.753372693703301621e+00
6.752017213836565723e+00
6.750662525271789782e+00
6.749308626714424442e+00
6.747955516873601844e+00
6.746603194462122310e+00
6.745251658196436573e+00
6.743900906796634231e+00
6.742550938986426878e+00
6.741201753493136550e+00
6.739853349047678854e+00
6.738505724384548756e+00
6.737158878241808146e+00
6.735812809361070741e+00
6.734467516487486982e+00
6.733122998369731604e+00
6.731779253759989423e+00
6.730436281413940236e+00
6.729094080090747276e+00
6.727752648553041226e+00
6.726411985566907781e+00
6.725072089901874328e+00
6.723732960330895736e+00
6.722394595630341030e+00
6.721056994579980071e+00
6.719720155962970232e+00
6.718384078565843964e+00
6.717048761178495475e+00
6.715714202594164739e+00
6.714380401609429505e+00
6.713047357024187534e+00
6.711715067641647714e+00
6.710383532268314077e+00
6.709052749713975139e+00
6.707722718791688798e+00
6.706393438317772571e+00
6.705064907111790262e+00
6.703737123996536873e+00
6.702410087798029714e+00
6.701083797345494197e+00
6.699758251471351400e+00
6.698433449011205632e+00
6.697109388803833774e+00
6.695786069691171072e+00
6.694463490518300475e+00
6.693141650133440201e+00
6.691820547387931306e+00
6.690500181136227020e+00
6.689180550235879430e+00
6.687861653547527929e+00
6.686543489934888562e+00
6.685226058264741589e+00
6.683909357406919050e+00
6.682593386234294996e+00
6.681278143622773058e+00
6.679963628451274005e+00
6.678649839601725979e+00
6.677336775959052950e+00
6.676024436411161389e+00
6.674712819848932277e+00
6.673401925166206894e+00
6.672091751259777936e+00
6.670782297029377084e+00
6.669473561377664339e+00
6.668165543210218260e+00
6.666858241435521748e+00
6.665551654964955830e+00
6.664245782712784560e+00
6.662940623596147027e+00
6.661636176535045806e+00
6.660332440452336300e+00
6.659029414273715197e+00
6.657727096927711585e+00
6.656425487345674519e+00
6.655124584461765913e+00
6.653824387212945446e+00
6.652524894538964340e+00
6.651226105382353815e+00
6.649928018688412656e+00
6.648630633405200108e+00
6.647333948483523436e+00
6.646037962876929939e+00
6.644742675541694510e+00
6.643448085436812534e+00
6.642154191523986562e+00
6.640860992767619209e+00
6.639568488134801605e+00
6.638276676595303627e+00
6.636985557121565904e+00
6.635695128688687383e+00
6.634405390274418224e+00
6.633116340859149140e+00
6.631827979425899855e+00
6.630540304960313769e+00
6.629253316450643752e+00
6.627967012887746812e+00
6.626681393265071662e+00
6.625396456578650728e+00
6.624112201827091262e+00
6.622828628011563801e+00
6.621545734135796835e+00
6.620263519206063485e+00
6.618981982231175287e+00
6.617701122222470644e+00
6.616420938193808610e+00
6.615141429161557340e+00
6.613862594144586105e+00
6.612584432164256398e+00
6.611306942244412177e+00
6.610030123411373637e+00
6.608753974693925670e+00
6.607478495123308981e+00
6.606203683733212983e+00
6.604929539559766916e+00
6.603656061641529185e+00
6.602383249019482037e+00
6.601111100737020010e+00
6.599839615839942830e+00
6.598568793376446528e+00
6.597298632397114559e+00
6.596029131954910696e+00
6.594760291105169259e+00
6.593492108905588012e+00
6.592224584416218391e+00
6.590957716699458402e+00
6.589691504820043733e+00
6.588425947845039765e+00
6.587161044843832691e+00
6.585896794888124184e+00
6.584633197051918962e+00
6.583370250411520352e+00
6.582107954045520515e+00
6.580846307034793341e+00
6.579585308462485571e+00
6.578324957414008800e+00
6.577065252977033261e+00
6.575806194241478053e+00
6.574547780299504929e+00
6.573290010245508519e+00
6.572032883176111007e+00
6.570776398190153245e+00
6.569520554388685873e+00
6.568265350874963993e+00
6.567010786754438278e+00
6.565756861134747879e+00
6.564503573125712421e+00
6.563250921839324015e+00
6.561998906389741038e+00
6.560747525893280141e+00
6.559496779468410033e+00
6.558246666235740818e+00
6.556997185318019561e+00
6.555748335840123175e+00
6.554500116929048659e+00
6.553252527713908648e+00
6.552005567325922541e+00
6.550759234898409389e+00
6.549513529566781678e+00
6.548268450468537338e+00
6.547023996743252638e+00
6.545780167532575966e+00
6.544536961980219836e+00
6.543294379231954672e+00
6.542052418435602590e+00
6.540811078741027629e+00
6.539570359300131308e+00
6.538330259266845523e+00
6.537090777797124552e+00
6.535851914048939726e+00
6.534613667182272323e+00
6.533376036359104688e+00
6.532139020743416680e+00
6.530902619501177675e+00
6.529666831800338578e+00
6.528431656810827377e+00
6.527197093704541153e+00
6.525963141655340749e+00
6.524729799839041888e+00
6.523497067433410734e+00
6.522264943618156785e+00
6.521033427574927543e+00
6.519802518487299636e+00
6.518572215540773485e+00
6.517342517922768863e+00
6.516113424822615130e+00
6.514884935431547675e+00
6.513657048942699923e+00
6.512429764551098010e+00
6.511203081453654562e+00
6.509976998849162477e+00
6.508751515938286936e+00
6.507526631923561844e+00
6.506302346009382731e+00
6.505078657401999642e+00
6.503855565309512698e+00
6.502633068941864103e+00
6.501411167510834588e+00
6.500189860230035421e+00
6.498969146314903078e+00
6.497749024982693022e+00
6.496529495452474379e+00
6.495310556945122826e+00
6.494092208683316159e+00
6.492874449891528066e+00
6.491657279796021029e+00
6.490440697624842770e+00
6.489224702607818251e+00
6.488009293976545244e+00
6.486794470964387216e+00
6.485580232806470669e+00
6.484366578739675369e+00
6.483153508002631682e+00
6.481941019835713469e+00
6.480729113481032755e+00
6.479517788182435289e+00
6.478307043185492553e+00
6.477096877737499092e+00
6.475887291087464526e+00
6.474678282486109993e+00
6.473469851185860158e+00
6.472261996440841436e+00
6.471054717506872223e+00
6.469848013641461115e+00
6.468641884103799811e+00
6.467436328154757774e+00
6.466231345056876911e+00
6.465026934074367126e+00
6.463823094473100106e+00
6.462619825520603989e+00
6.461417126486058926e+00
6.460214996640290863e+00
6.459013435255767099e+00
6.457812441606590959e+00
6.456612014968495572e+00
6.455412154618840326e+00
6.454212859836604643e+00
6.453014129902383544e+00
6.451815964098381428e+00
6.450618361708408521e+00
6.449421322017875546e+00
6.448224844313786619e+00
6.447028927884737470e+00
6.445833572020908342e+00
6.444638776014058656e+00
6.443444539157524353e+00
6.442250860746210783e+00
6.441057740076589155e+00
6.439865176446689432e+00
6.438673169156098552e+00
6.437481717505954215e+00
6.436290820798938661e+00
6.435100478339276897e+00
6.433910689432728702e+00
6.432721453386585075e+00
6.431532769509665570e+00
6.430344637112309414e+00
6.429157055506374618e+00
6.427970024005231764e+00
6.426783541923758669e+00
6.425597608578335951e+00
6.424412223286843471e+00
6.423227385368655007e+00
6.422043094144632924e+00
6.420859348937125510e+00
6.419676149069960758e+00
6.418493493868442812e+00
6.417311382659344865e+00
6.416129814770909157e+00
6.414948789532838980e+00
6.413768306276295128e+00
6.412588364333891455e+00
6.411408963039690434e+00
6.410230101729199603e+00
6.409051779739365351e+00
6.407873996408571138e+00
6.406696751076629504e+00
6.405520043084781179e+00
6.404343871775688868e+00
6.403168236493432808e+00
6.401993136583508104e+00
6.400818571392818512e+00
6.399644540269673776e+00
6.398471042563783406e+00
6.397298077626254909e+00
6.396125644809587563e+00
6.394953743467669760e+00
6.393782372955772786e+00
6.392611532630549043e+00
6.391441221850025833e+00
6.390271439973601808e+00
6.389102186362045188e+00
6.387933460377484884e+00
6.386765261383411385e+00
6.385597588744668762e+00
6.384430441827453784e+00
6.383263819999309696e+00
6.382097722629121783e+00
6.380932149087116478e+00
6.379767098744853371e+00
6.378602570975224317e+00
6.377438565152449002e+00
6.376275080652067828e+00
6.375112116850942812e+00
6.373949673127250470e+00
6.372787748860478274e+00
6.371626343431421979e+00
6.370465456222181189e+00
6.369305086616154021e+00
6.368145233998036225e+00
6.366985897753814072e+00
6.365827077270763468e+00
6.364668771937443736e+00
6.363510981143695844e+00
6.362353704280637068e+00
6.361196940740657446e+00
6.360040689917417112e+00
6.358884951205842739e+00
6.357729724002121330e+00
6.356575007703698432e+00
6.355420801709275480e+00
6.354267105418802686e+00
6.353113918233479929e+00
6.351961239555748762e+00
6.350809068789291523e+00
6.349657405339026894e+00
6.348506248611106351e+00
6.347355598012910605e+00
6.346205452953045167e+00
6.345055812841337683e+00
6.343906677088835266e+00
6.342758045107798281e+00
6.341609916311700346e+00
6.340462290115221222e+00
6.339315165934245933e+00
6.338168543185860315e+00
6.337022421288347473e+00
6.335876799661184222e+00
6.334731677725038423e+00
6.333587054901764546e+00
6.332442930614401000e+00
6.331299304287165697e+00
6.330156175345454272e+00
6.329013543215835647e+00
6.327871407326047581e+00
6.326729767104995794e+00
6.325588621982749515e+00
6.324447971390537049e+00
6.323307814760743994e+00
6.322168151526909696e+00
6.321028981123722801e+00
6.319890302987018593e+00
6.318752116553776332e+00
6.317614421262115698e+00
6.316477216551293239e+00
6.315340501861699707e+00
6.314204276634854729e+00
6.313068540313407695e+00
6.311933292341130652e+00
6.310798532162916530e+00
6.309664259224775584e+00
6.308530472973834513e+00
6.307397172858330237e+00
6.306264358327607233e+00
6.305132028832116653e+00
6.304000183823410985e+00
6.302868822754141398e+00
6.301737945078055070e+00
6.300607550249992528e+00
6.299477637725883206e+00
6.298348206962742779e+00
6.297219257418671390e+00
6.296090788552849205e+00
6.294962799825534638e+00
6.293835290698059026e+00
6.292708260632826622e+00
6.291581709093309271e+00
6.290455635544044632e+00
6.289330039450632626e+00
6.288204920279732768e+00
6.287080277499061509e+00
6.285956110577387790e+00
6.284832418984532154e+00
6.283709202191363197e+00
6.282586459669793122e+00
6.281464190892776855e+00
6.280342395334308492e+00
6.279221072469417742e+00
6.278100221774168155e+00
6.276979842725653569e+00
6.275859934801994555e+00
6.274740497482337531e+00
6.273621530246850320e+00
6.272503032576719484e+00
6.271385003954148551e+00
6.270267443862354462e+00
6.269150351785564013e+00
6.268033727209012973e+00
6.266917569618940753e+00
6.265801878502590405e+00
6.264686653348204182e+00
6.263571893645021760e+00
6.262457598883274912e+00
6.261343768554189282e+00
6.260230402149978168e+00
6.259117499163839859e+00
6.258005059089957633e+00
6.256893081423494429e+00
6.255781565660591070e+00
6.254670511298364488e+00
6.253559917834902393e+00
6.252449784769264163e+00
6.251340111601476401e+00
6.250230897832529386e+00
6.249122142964376181e+00
6.248013846499929080e+00
6.246906007943057837e+00
6.245798626798585218e+00
6.244691702572287006e+00
6.243585234770886672e+00
6.242479222902055369e+00
6.241373666474407500e+00
6.240268564997499823e+00
6.239163917981827012e+00
6.238059724938820771e+00
6.236955985380846279e+00
6.235852698821199525e+00
6.234749864774106420e+00
6.233647482754719249e+00
6.232545552279113110e+00
6.231444072864285033e+00
6.230343044028150423e+00
6.229242465289542174e+00
6.228142336168206228e+00
6.227042656184800684e+00
6.225943424860892250e+00
6.224844641718955351e+00
6.223746306282366803e+00
6.222648418075407584e+00
6.221550976623255735e+00
6.220453981451988135e+00
6.219357432088575166e+00
6.218261328060880722e+00
6.217165668897657760e+00
6.216070454128546530e+00
6.214975683284073682e+00
6.213881355895646941e+00
6.212787471495556879e+00
6.211694029616970703e+00
6.210601029793931360e+00
6.209508471561355769e+00
6.208416354455032149e+00
6.207324678011618246e+00
6.206233441768637782e+00
6.205142645264478674e+00
6.204052288038391261e+00
6.202962369630485640e+00
6.201872889581729886e+00
6.200783847433947393e+00
6.199695242729814204e+00
