1.033536610732996408e+00
1.033516627552564016e+00
1.033496690047088329e+00
1.033476797967029626e+00
1.033456951065109930e+00
1.033437149096285479e+00
1.033417391817717634e+00
1.033397678988745350e+00
1.033378010370857858e+00
1.033358385727667361e+00
1.033338804824883272e+00
1.033319267430285349e+00
1.033299773313698600e+00
1.033280322246967975e+00
1.033260914003933273e+00
1.033241548360404938e+00
1.033222225094139857e+00
1.033202943984817823e+00
1.033183704814018222e+00
1.033164507365196494e+00
1.033145351423662817e+00
1.033126236776558349e+00
1.033107163212834578e+00
1.033088130523231118e+00
1.033069138500254391e+00
1.033050186938157422e+00
1.033031275632918300e+00
1.033012404382220417e+00
1.032993572985432706e+00
1.032974781243589657e+00
1.032956028959371775e+00
1.032937315937086709e+00
1.032918641982650820e+00
1.032900006903569867e+00
1.032881410508921238e+00
1.032862852609336191e+00
1.032844333016981420e+00
1.032825851545542406e+00
1.032807408010205652e+00
1.032789002227642250e+00
1.032770634015990341e+00
1.032752303194839349e+00
1.032734009585213775e+00
1.032715753009556758e+00
1.032697533291714542e+00
1.032679350256921147e+00
1.032661203731782829e+00
1.032643093544262980e+00
1.032625019523667032e+00
1.032606981500628240e+00
1.032588979307093036e+00
1.032571012776306585e+00
1.032553081742798806e+00
1.032535186042370823e+00
1.032517325512080530e+00
1.032499499990230163e+00
1.032481709316351859e+00
1.032463953331195450e+00
1.032446231876714915e+00
1.032428544796056169e+00
1.032410891933543740e+00
1.032393273134669220e+00
1.032375688246078171e+00
1.032358137115558572e+00
1.032340619592028830e+00
1.032323135525526014e+00
1.032305684767194087e+00
1.032288267169272356e+00
1.032270882585084593e+00
1.032253530869027491e+00
1.032236211876560228e+00
1.032218925464192694e+00
1.032201671489475503e+00
1.032184449810989335e+00
1.032167260288334276e+00
1.032150102782119605e+00
1.032132977153953579e+00
1.032115883266433665e+00
1.032098820983136100e+00
1.032081790168607016e+00
1.032064790688351552e+00
1.032047822408825422e+00
1.032030885197425141e+00
1.032013978922478259e+00
1.031997103453234921e+00
1.031980258659858540e+00
1.031963444413416919e+00
1.031946660585872921e+00
1.031929907050076478e+00
1.031913183679755708e+00
1.031896490349508255e+00
1.031879826934792854e+00
1.031863193311921556e+00
1.031846589358051069e+00
1.031830014951174768e+00
1.031813469970114916e+00
1.031796954294514235e+00
1.031780467804828794e+00
1.031764010382319796e+00
1.031747581909046474e+00
1.031731182267858093e+00
1.031714811342386851e+00
1.031698469017040098e+00
1.031682155176993687e+00
1.031665869708184635e+00
1.031649612497303803e+00
1.031633383431789230e+00
1.031617182399819033e+00
1.031601009290304516e+00
1.031584863992883738e+00
1.031568746397914627e+00
1.031552656396468315e+00
1.031536593880322927e+00
1.031520558741956917e+00
1.031504550874542847e+00
1.031488570171941177e+00
1.031472616528693598e+00
1.031456689840017482e+00
1.031440790001799668e+00
1.031424916910590017e+00
1.031409070463596311e+00
1.031393250558677588e+00
1.031377457094339034e+00
1.031361689969725548e+00
1.031345949084616853e+00
1.031330234339421281e+00
1.031314545635170665e+00
1.031298882873514566e+00
1.031283245956714945e+00
1.031267634787641052e+00
1.031252049269763882e+00
1.031236489307151061e+00
1.031220954804461742e+00
1.031205445666941056e+00
1.031189961800415889e+00
1.031174503111289109e+00
1.031159069506534909e+00
1.031143660893694136e+00
1.031128277180869190e+00
1.031112918276719137e+00
1.031097584090455488e+00
1.031082274531836873e+00
1.031066989511164822e+00
1.031051728939279322e+00
1.031036492727553711e+00
1.031021280787891126e+00
1.031006093032718951e+00
1.030990929374985265e+00
1.030975789728154179e+00
1.030960674006201616e+00
1.030945582123611093e+00
1.030930513995369502e+00
1.030915469536963114e+00
1.030900448664373137e+00
1.030885451294071942e+00
1.030870477343018843e+00
1.030855526728656324e+00
1.030840599368905819e+00
1.030825695182164159e+00
1.030810814087299354e+00
1.030795956003647262e+00
1.030781120851007371e+00
1.030766308549639021e+00
1.030751519020258300e+00
1.030736752184033822e+00
1.030722007962583175e+00
1.030707286277969370e+00
1.030692587052697728e+00
1.030677910209711667e+00
1.030663255672389589e+00
1.030648623364541550e+00
1.030634013210405708e+00
1.030619425134644773e+00
1.030604859062343115e+00
1.030590314919003214e+00
1.030575792630542109e+00
1.030561292123288730e+00
1.030546813323980349e+00
1.030532356159759244e+00
1.030517920558170042e+00
1.030503506447156381e+00
1.030489113755057584e+00
1.030474742410605771e+00
1.030460392342923415e+00
1.030446063481519348e+00
1.030431755756286316e+00
1.030417469097498318e+00
1.030403203435807269e+00
1.030388958702240343e+00
1.030374734828196859e+00
1.030360531745446062e+00
1.030346349386123572e+00
1.030332187682729161e+00
1.030318046568123647e+00
1.030303925975526891e+00
1.030289825838514250e+00
1.030275746091014355e+00
1.030261686667306442e+00
1.030247647502017694e+00
1.030233628530120571e+00
1.030219629686930594e+00
1.030205650908103676e+00
1.030191692129633241e+00
1.030177753287848219e+00
1.030163834319410165e+00
1.030149935161311259e+00
1.030136055750871860e+00
1.030122196025737402e+00
1.030108355923877061e+00
1.030094535383580867e+00
1.030080734343457260e+00
1.030066952742430875e+00
1.030053190519740536e+00
1.030039447614936599e+00
1.030025723967879170e+00
1.030012019518735444e+00
1.029998334207977706e+00
1.029984667976381330e+00
1.029971020765022116e+00
1.029957392515274517e+00
1.029943783168809635e+00
1.029930192667593003e+00
1.029916620953882145e+00
1.029903067970225017e+00
1.029889533659457790e+00
1.029876017964702850e+00
1.029862520829366579e+00
1.029849042197137798e+00
1.029835582011985107e+00
1.029822140218155768e+00
1.029808716760173271e+00
1.029795311582835327e+00
1.029781924631212320e+00
1.029768555850645306e+00
1.029755205186743794e+00
1.029741872585384632e+00
1.029728557992709348e+00
1.029715261355122813e+00
1.029701982619291467e+00
1.029688721732141543e+00
1.029675478640856845e+00
1.029662253292877416e+00
1.029649045635897764e+00
1.029635855617864859e+00
1.029622683186977028e+00
1.029609528291681730e+00
1.029596390880673784e+00
1.029583270902894254e+00
1.029570168307528233e+00
1.029557083044003729e+00
1.029544015061989448e+00
1.029530964311393681e+00
1.029517930742362530e+00
1.029504914305278351e+00
1.029491914950758202e+00
1.029478932629652066e+00
1.029465967293041739e+00
1.029453018892238836e+00
1.029440087378783897e+00
1.029427172704443949e+00
1.029414274821212061e+00
1.029401393681305121e+00
1.029388529237162508e+00
1.029375681441444979e+00
1.029362850247033112e+00
1.029350035607025315e+00
1.029337237474737377e+00
1.029324455803700245e+00
1.029311690547658920e+00
1.029298941660571121e+00
1.029286209096606175e+00
1.029273492810143020e+00
1.029260792755769316e+00
1.029248108888280111e+00
1.029235441162676512e+00
1.029222789534163907e+00
1.029210153958151297e+00
1.029197534390249524e+00
1.029184930786270602e+00
1.029172343102225717e+00
1.029159771294324344e+00
1.029147215318972908e+00
1.029134675132773680e+00
1.029122150692523441e+00
1.029109641955212373e+00
1.029097148878022505e+00
1.029084671418326824e+00
1.029072209533688165e+00
1.029059763181857656e+00
1.029047332320774055e+00
1.029034916908561970e+00
1.029022516903531415e+00
1.029010132264175814e+00
1.028997762949171779e+00
1.028985408917377331e+00
1.028973070127831013e+00
1.028960746539750781e+00
1.028948438112532893e+00
1.028936144805750796e+00
1.028923866579154245e+00
1.028911603392667740e+00
1.028899355206389865e+00
1.028887121980592401e+00
1.028874903675718544e+00
1.028862700252382689e+00
1.028850511671368873e+00
1.028838337893629884e+00
1.028826178880286379e+00
1.028814034592625770e+00
1.028801904992101335e+00
1.028789790040330887e+00
1.028777689699096110e+00
1.028765603930341443e+00
1.028753532696173201e+00
1.028741475958858675e+00
1.028729433680824812e+00
1.028717405824657760e+00
1.028705392353101544e+00
1.028693393229057396e+00
1.028681408415582643e+00
1.028669437875889825e+00
1.028657481573345800e+00
1.028645539471471082e+00
1.028633611533938286e+00
1.028621697724572126e+00
1.028609798007347642e+00
1.028597912346389975e+00
1.028586040705973259e+00
1.028574183050519730e+00
1.028562339344598842e+00
1.028550509552926595e+00
1.028538693640364432e+00
1.028526891571918567e+00
1.028515103312739098e+00
1.028503328828119123e+00
1.028491568083494068e+00
1.028479821044441023e+00
1.028468087676677190e+00
1.028456367946060102e+00
1.028444661818586070e+00
1.028432969260389518e+00
1.028421290237742536e+00
1.028409624717053772e+00
1.028397972664867988e+00
1.028386334047864503e+00
1.028374708832857642e+00
1.028363096986794956e+00
1.028351498476756776e+00
1.028339913269955774e+00
1.028328341333735851e+00
1.028316782635571691e+00
1.028305237143067652e+00
1.028293704823957322e+00
1.028282185646102853e+00
1.028270679577494073e+00
1.028259186586247598e+00
1.028247706640606607e+00
1.028236239708939959e+00
1.028224785759741300e+00
1.028213344761628401e+00
1.028201916683342931e+00
1.028190501493748910e+00
1.028179099161833143e+00
1.028167709656703455e+00
1.028156332947588680e+00
1.028144969003838005e+00
1.028133617794919852e+00
1.028122279290421881e+00
1.028110953460049659e+00
1.028099640273626658e+00
1.028088339701092924e+00
1.028077051712505074e+00
1.028065776278035637e+00
1.028054513367971712e+00
1.028043262952715198e+00
1.028032025002781680e+00
1.028020799488799986e+00
1.028009586381511520e+00
1.027998385651769819e+00
1.027987197270539665e+00
1.027976021208896862e+00
1.027964857438027124e+00
1.027953705929226080e+00
1.027942566653898382e+00
1.027931439583556816e+00
1.027920324689822529e+00
1.027909221944423690e+00
1.027898131319195496e+00
1.027887052786078836e+00
1.027875986317120738e+00
1.027864931884473032e+00
1.027853889460392134e+00
1.027842859017238597e+00
1.027831840527476226e+00
1.027820833963671632e+00
1.027809839298494010e+00
1.027798856504714253e+00
1.027787885555204506e+00
1.027776926422937720e+00
1.027765979080986991e+00
1.027755043502525334e+00
1.027744119660824795e+00
1.027733207529256232e+00
1.027722307081288644e+00
1.027711418290488732e+00
1.027700541130520229e+00
1.027689675575143458e+00
1.027678821598215331e+00
1.027667979173688018e+00
1.027657148275609167e+00
1.027646328878121018e+00
1.027635520955459958e+00
1.027624724481956298e+00
1.027613939432033607e+00
1.027603165780208050e+00
1.027592403501088159e+00
1.027581652569374393e+00
1.027570912959858696e+00
1.027560184647423824e+00
1.027549467607042910e+00
1.027538761813779455e+00
1.027528067242786003e+00
1.027517383869304579e+00
1.027506711668665806e+00
1.027496050616288459e+00
1.027485400687679240e+00
1.027474761858432117e+00
1.027464134104227877e+00
1.027453517400833904e+00
1.027442911724103514e+00
1.027432317049975730e+00
1.027421733354474620e+00
1.027411160613709296e+00
1.027400598803873022e+00
1.027390047901243220e+00
1.027379507882180354e+00
1.027368978723128601e+00
1.027358460400614515e+00
1.027347952891246807e+00
1.027337456171716346e+00
1.027326970218795488e+00
1.027316495009337638e+00
1.027306030520276803e+00
1.027295576728627591e+00
1.027285133611484103e+00
1.027274701146020153e+00
1.027264279309488826e+00
1.027253868079221810e+00
1.027243467432629176e+00
1.027233077347199153e+00
1.027222697800497464e+00
1.027212328770167327e+00
1.027201970233928341e+00
1.027191622169576934e+00
1.027181284554985696e+00
1.027170957368102933e+00
1.027160640586952223e+00
1.027150334189632419e+00
1.027140038154316981e+00
1.027129752459253753e+00
1.027119477082764520e+00
1.027109212003244787e+00
1.027098957199163332e+00
1.027088712649061542e+00
1.027078478331553857e+00
1.027068254225326660e+00
1.027058040309138498e+00
1.027047836561819194e+00
1.027037642962270070e+00
1.027027459489463057e+00
1.027017286122440920e+00
1.027007122840316589e+00
1.026996969622272937e+00
1.026986826447562340e+00
1.026976693295506227e+00
1.026966570145495306e+00
1.026956456976988896e+00
1.026946353769514264e+00
1.026936260502666842e+00
1.026926177156110009e+00
1.026916103709573980e+00
1.026906040142856247e+00
1.026895986435821140e+00
1.026885942568399157e+00
1.026875908520586966e+00
1.026865884272447182e+00
1.026855869804107924e+00
1.026845865095762367e+00
1.026835870127668748e+00
1.026825884880149697e+00
1.026815909333592236e+00
1.026805943468447557e+00
1.026795987265230581e+00
1.026786040704519287e+00
1.026776103766955384e+00
1.026766176433242750e+00
1.026756258684148548e+00
1.026746350500501670e+00
1.026736451863193400e+00
1.026726562753176530e+00
1.026716683151465359e+00
1.026706813039135469e+00
1.026696952397323281e+00
1.026687101207225838e+00
1.026677259450100355e+00
1.026667427107264219e+00
1.026657604160094994e+00
1.026647790590029308e+00
1.026637986378563294e+00
1.026628191507251930e+00
1.026618405957709257e+00
1.026608629711607712e+00
1.026598862750677688e+00
1.026589105056707751e+00
1.026579356611544425e+00
1.026569617397091294e+00
1.026559887395309234e+00
1.026550166588216406e+00
1.026540454957887150e+00
1.026530752486452647e+00
1.026521059156100257e+00
1.026511374949073074e+00
1.026501699847670146e+00
1.026492033834246032e+00
1.026482376891210135e+00
1.026472729001027373e+00
1.026463090146216839e+00
1.026453460309352472e+00
1.026443839473062614e+00
1.026434227620029338e+00
1.026424624732988677e+00
1.026415030794730177e+00
1.026405445788096671e+00
1.026395869695984286e+00
1.026386302501341774e+00
1.026376744187170731e+00
1.026367194736525157e+00
1.026357654132511232e+00
1.026348122358286874e+00
1.026338599397061957e+00
1.026329085232097871e+00
1.026319579846707297e+00
1.026310083224253988e+00
1.026300595348152767e+00
1.026291116201868636e+00
1.026281645768917450e+00
1.026272184032865020e+00
1.026262730977327342e+00
1.026253286585970148e+00
1.026243850842508909e+00
1.026234423730707945e+00
1.026225005234381316e+00
1.026215595337391706e+00
1.026206194023650875e+00
1.026196801277118764e+00
1.026187417081803721e+00
1.026178041421762277e+00
1.026168674281098925e+00
1.026159315643965897e+00
1.026149965494562943e+00
1.026140623817137110e+00
1.026131290595982737e+00
1.026121965815440795e+00
1.026112649459899329e+00
1.026103341513792566e+00
1.026094041961601366e+00
1.026084750787852773e+00
1.026075467977119571e+00
1.026066193514020508e+00
1.026056927383219852e+00
1.026047669569427390e+00
1.026038420057397760e+00
1.026029178831931121e+00
1.026019945877872042e+00
1.026010721180110163e+00
1.026001504723579316e+00
1.025992296493257516e+00
1.025983096474167189e+00
1.025973904651374502e+00
1.025964721009989367e+00
1.025955545535165214e+00
1.025946378212099219e+00
1.025937219026031189e+00
1.025928067962244672e+00
1.025918925006065408e+00
1.025909790142862210e+00
1.025900663358046305e+00
1.025891544637071329e+00
1.025882433965432883e+00
1.025873331328668758e+00
1.025864236712358712e+00
1.025855150102123803e+00
1.025846071483626831e+00
1.025837000842571678e+00
1.025827938164703745e+00
1.025818883435809292e+00
1.025809836641715211e+00
1.025800797768289474e+00
1.025791766801440019e+00
1.025782743727115642e+00
1.025773728531304885e+00
1.025764721200036700e+00
1.025755721719379565e+00
1.025746730075441926e+00
1.025737746254371530e+00
1.025728770242355870e+00
1.025719802025621297e+00
1.025710841590433242e+00
1.025701888923096439e+00
1.025692944009954033e+00
1.025684006837388029e+00
1.025675077391818624e+00
1.025666155659704648e+00
1.025657241627542682e+00
1.025648335281867718e+00
1.025639436609252497e+00
1.025630545596307286e+00
1.025621662229680098e+00
1.025612786496056250e+00
1.025603918382158586e+00
1.025595057874746585e+00
1.025586204960617254e+00
1.025577359626604235e+00
1.025568521859577586e+00
1.025559691646444449e+00
1.025550868974147933e+00
1.025542053829667566e+00
1.025533246200018844e+00
1.025524446072253681e+00
1.025515653433459518e+00
1.025506868270759320e+00
1.025498090571312026e+00
1.025489320322311881e+00
1.025480557510988433e+00
1.025471802124606313e+00
1.025463054150465236e+00
1.025454313575899778e+00
1.025445580388279376e+00
1.025436854575007883e+00
1.025428136123523792e+00
1.025419425021300013e+00
1.025410721255843649e+00
1.025402024814695778e+00
1.025393335685431673e+00
1.025384653855660355e+00
1.025375979313024377e+00
1.025367312045200263e+00
1.025358652039897622e+00
1.025349999284859370e+00
1.025341353767862174e+00
1.025332715476715117e+00
1.025324084399260594e+00
1.025315460523373856e+00
1.025306843836962800e+00
1.025298234327967739e+00
1.025289631984361849e+00
1.025281036794150280e+00
1.025272448745370379e+00
1.025263867826091913e+00
1.025255294024416397e+00
1.025246727328477103e+00
1.025238167726439498e+00
1.025229615206500133e+00
1.025221069756887315e+00
1.025212531365860880e+00
1.025204000021711748e+00
1.025195475712761928e+00
1.025186958427364736e+00
1.025178448153904132e+00
1.025169944880794937e+00
1.025161448596482838e+00
1.025152959289443944e+00
1.025144476948184780e+00
1.025136001561242516e+00
1.025127533117184297e+00
1.025119071604607690e+00
1.025110617012139791e+00
1.025102169328438118e+00
1.025093728542189719e+00
1.025085294642111400e+00
1.025076867616949494e+00
1.025068447455479870e+00
1.025060034146507926e+00
1.025051627678867927e+00
1.025043228041423671e+00
1.025034835223068042e+00
1.025026449212722568e+00
1.025018069999337644e+00
1.025009697571892531e+00
1.025001331919395131e+00
1.024992973030881771e+00
1.024984620895417420e+00
1.024976275502095024e+00
1.024967936840036176e+00
1.024959604898390220e+00
1.024951279666334480e+00
1.024942961133074704e+00
1.024934649287843946e+00
1.024926344119903021e+00
1.024918045618540718e+00
1.024909753773072918e+00
1.024901468572843255e+00
1.024893190007222454e+00
1.024884918065608552e+00
1.024876652737426674e+00
1.024868394012129036e+00
1.024860141879194719e+00
1.024851896328129897e+00
1.024843657348466941e+00
1.024835424929765537e+00
1.024827199061611349e+00
1.024818979733616686e+00
1.024810766935420503e+00
1.024802560656687511e+00
1.024794360887109068e+00
1.024786167616402510e+00
1.024777980834310931e+00
1.024769800530603625e+00
1.024761626695075423e+00
1.024753459317546911e+00
1.024745298387864656e+00
1.024737143895900315e+00
1.024728995831551304e+00
1.024720854184740348e+00
1.024712718945415268e+00
1.024704590103549195e+00
1.024696467649140352e+00
1.024688351572212053e+00
1.024680241862812480e+00
1.024672138511014463e+00
1.024664041506915924e+00
1.024655950840639207e+00
1.024647866502331306e+00
1.024639788482163638e+00
1.024631716770332046e+00
1.024623651357056797e+00
1.024615592232582362e+00
1.024607539387177413e+00
1.024599492811134382e+00
1.024591452494770127e+00
1.024583418428425263e+00
1.024575390602464164e+00
1.024567369007274742e+00
1.024559353633269110e+00
1.024551344470882475e+00
1.024543341510573802e+00
1.024535344742825149e+00
1.024527354158142334e+00
1.024519369747054265e+00
1.024511391500113167e+00
1.024503419407893912e+00
1.024495453460994909e+00
1.024487493650037218e+00
1.024479539965664987e+00
1.024471592398544795e+00
1.024463650939366310e+00
1.024455715578841630e+00
1.024447786307705499e+00
1.024439863116715088e+00
1.024431945996649995e+00
1.024424034938312023e+00
1.024416129932525399e+00
1.024408230970136557e+00
1.024400338042013914e+00
1.024392451139047866e+00
1.024384570252151017e+00
1.024376695372257506e+00
1.024368826490323681e+00
1.024360963597327201e+00
1.024353106684267711e+00
1.024345255742166394e+00
1.024337410762065748e+00
1.024329571735030031e+00
1.024321738652144598e+00
1.024313911504516339e+00
1.024306090283273241e+00
1.024298274979564383e+00
1.024290465584559939e+00
1.024282662089451401e+00
1.024274864485450909e+00
1.024267072763791697e+00
1.024259286915727651e+00
1.024251506932533307e+00
1.024243732805504292e+00
1.024235964525956444e+00
1.024228202085226247e+00
1.024220445474670615e+00
1.024212694685667113e+00
1.024204949709613288e+00
1.024197210537927338e+00
1.024189477162047446e+00
1.024181749573431777e+00
1.024174027763558925e+00
1.024166311723927469e+00
1.024158601446055528e+00
1.024150896921481424e+00
1.024143198141763245e+00
1.024135505098478838e+00
1.024127817783225591e+00
1.024120136187620655e+00
1.024112460303300720e+00
1.024104790121922015e+00
1.024097125635160088e+00
1.024089466834710027e+00
1.024081813712286015e+00
1.024074166259621332e+00
1.024066524468469019e+00
1.024058888330600769e+00
1.024051257837807372e+00
1.024043632981898710e+00
1.024036013754703545e+00
1.024028400148069506e+00
1.024020792153863102e+00
1.024013189763969711e+00
1.024005592970293144e+00
1.023998001764755861e+00
1.023990416139298976e+00
1.023982836085882253e+00
1.023975261596483666e+00
1.023967692663099838e+00
1.023960129277745379e+00
1.023952571432453551e+00
1.023945019119275601e+00
1.023937472330280984e+00
1.023929931057557141e+00
1.023922395293209719e+00
1.023914865029362575e+00
1.023907340258157106e+00
1.023899820971752472e+00
1.023892307162326265e+00
1.023884798822073172e+00
1.023877295943206089e+00
1.023869798517955454e+00
1.023862306538569023e+00
1.023854819997312315e+00
1.023847338886468172e+00
1.023839863198336975e+00
1.023832392925236645e+00
1.023824928059502204e+00
1.023817468593485991e+00
1.023810014519557665e+00
1.023802565830103761e+00
1.023795122517528133e+00
1.023787684574251733e+00
1.023780251992712165e+00
1.023772824765364575e+00
1.023765402884680320e+00
1.023757986343148296e+00
1.023750575133273610e+00
1.023743169247578244e+00
1.023735768678601055e+00
1.023728373418897331e+00
1.023720983461039014e+00
1.023713598797614477e+00
1.023706219421228747e+00
1.023698845324503282e+00
1.023691476500075748e+00
1.023684112940600244e+00
1.023676754638747077e+00
1.023669401587202765e+00
1.023662053778670034e+00
1.023654711205867818e+00
1.023647373861530818e+00
1.023640041738410167e+00
1.023632714829272761e+00
1.023625393126901484e+00
1.023618076624094986e+00
1.023610765313667903e+00
1.023603459188450637e+00
1.023596158241289134e+00
1.023588862465045102e+00
1.023581571852596017e+00
1.023574286396834898e+00
1.023567006090670306e+00
1.023559730927026123e+00
1.023552460898841776e+00
1.023545195999072233e+00
1.023537936220687783e+00
1.023530681556673816e+00
1.023523432000031264e+00
1.023516187543775935e+00
1.023508948180938960e+00
1.023501713904566790e+00
1.023494484707720753e+00
1.023487260583477276e+00
1.023480041524927664e+00
1.023472827525178319e+00
1.023465618577350522e+00
1.023458414674580208e+00
1.023451215810018189e+00
1.023444021976830154e+00
1.023436833168196669e+00
1.023429649377312511e+00
1.023422470597387557e+00
1.023415296821645892e+00
1.023408128043326482e+00
1.023400964255682499e+00
1.023393805451981553e+00
1.023386651625506127e+00
1.023379502769552474e+00
1.023372358877431720e+00
1.023365219942468762e+00
1.023358085958003150e+00
1.023350956917388421e+00
1.023343832813992327e+00
1.023336713641196605e+00
1.023329599392397427e+00
1.023322490061004508e+00
1.023315385640441999e+00
1.023308286124147815e+00
1.023301191505573859e+00
1.023294101778185583e+00
1.023287016935462646e+00
1.023279936970898252e+00
1.023272861877999595e+00
1.023265791650287415e+00
1.023258726281295994e+00
1.023251665764573604e+00
1.023244610093681839e+00
1.023237559262195839e+00
1.023230513263704067e+00
1.023223472091808972e+00
1.023216435740126107e+00
1.023209404202284345e+00
1.023202377471926106e+00
1.023195355542706908e+00
1.023188338408295595e+00
1.023181326062374552e+00
1.023174318498638824e+00
1.023167315710796998e+00
1.023160317692570764e+00
1.023153324437694911e+00
1.023146335939916884e+00
1.023139352192997675e+00
1.023132373190710931e+00
1.023125398926843177e+00
1.023118429395194040e+00
1.023111464589575803e+00
1.023104504503813628e+00
1.023097549131745554e+00
1.023090598467222279e+00
1.023083652504107377e+00
1.023076711236276859e+00
1.023069774657619391e+00
1.023062842762036295e+00
1.023055915543441552e+00
1.023048992995761575e+00
1.023042075112935434e+00
1.023035161888914191e+00
1.023028253317662006e+00
1.023021349393154811e+00
1.023014450109381190e+00
1.023007555460341944e+00
1.023000665440050083e+00
1.022993780042531275e+00
1.022986899261822735e+00
1.022980023091974555e+00
1.022973151527048374e+00
1.022966284561118266e+00
1.022959422188270295e+00
1.022952564402602516e+00
1.022945711198225194e+00
1.022938862569260143e+00
1.022932018509841612e+00
1.022925179014115393e+00
1.022918344076239272e+00
1.022911513690382801e+00
1.022904687850727523e+00
1.022897866551466528e+00
1.022891049786804896e+00
1.022884237550959030e+00
1.022877429838157326e+00
1.022870626642639724e+00
1.022863827958657712e+00
1.022857033780474323e+00
1.022850244102364359e+00
1.022843458918613946e+00
1.022836678223520535e+00
1.022829902011393344e+00
1.022823130276552916e+00
1.022816363013330898e+00
1.022809600216070702e+00
1.022802841879126623e+00
1.022796087996864722e+00
1.022789338563661943e+00
1.022782593573906551e+00
1.022775853021997916e+00
1.022769116902346731e+00
1.022762385209374791e+00
1.022755657937514995e+00
1.022748935081211341e+00
1.022742216634918710e+00
1.022735502593103085e+00
1.022728792950241328e+00
1.022722087700821403e+00
1.022715386839342155e+00
1.022708690360313311e+00
1.022701998258255252e+00
1.022695310527699464e+00
1.022688627163188091e+00
