8.823654549453593399e-01
8.824733573055072444e-01
8.825810030252393412e-01
8.826883933487967848e-01
8.827955295107612343e-01
8.829024127361588814e-01
8.830090442405633677e-01
8.831154252301970375e-01
8.832215569020309687e-01
8.833274404438836713e-01
8.834330770345181216e-01
8.835384678437376849e-01
8.836436140324809285e-01
8.837485167529147700e-01
8.838531771485266253e-01
8.839575963542151138e-01
8.840617754963799868e-01
8.841657156930101680e-01
8.842694180537712390e-01
8.843728836800914817e-01
8.844761136652468103e-01
8.845791090944443713e-01
8.846818710449055878e-01
8.847844005859476502e-01
8.848866987790638960e-01
8.849887666780036355e-01
8.850906053288504216e-01
8.851922157700993221e-01
8.852935990327338578e-01
8.853947561403009425e-01
8.854956881089856013e-01
8.855963959476845782e-01
8.856968806580788334e-01
8.857971432347051532e-01
8.858971846650268711e-01
8.859970059295039224e-01
8.860966080016616786e-01
8.861959918481588927e-01
8.862951584288550899e-01
8.863941086968771810e-01
8.864928435986846322e-01
8.865913640741343027e-01
8.866896710565447259e-01
8.867877654727587267e-01
8.868856482432061483e-01
8.869833202819653595e-01
8.870807824968240940e-01
8.871780357893395141e-01
8.872750810548974965e-01
8.873719191827713626e-01
8.874685510561798329e-01
8.875649775523440921e-01
8.876611995425444102e-01
8.877572178921759871e-01
8.878530334608040198e-01
8.879486471022183247e-01
8.880440596644870732e-01
8.881392719900100818e-01
8.882342849155713260e-01
8.883290992723908985e-01
8.884237158861764128e-01
8.885181355771736289e-01
8.886123591602165250e-01
8.887063874447769241e-01
8.888002212350135656e-01
8.888938613298202895e-01
8.889873085228738869e-01
8.890805636026815062e-01
8.891736273526270606e-01
8.892665005510176357e-01
8.893591839711292302e-01
8.894516783812516092e-01
8.895439845447329352e-01
8.896361032200240659e-01
8.897280351607219639e-01
8.898197811156126624e-01
8.899113418287140087e-01
8.900027180393178527e-01
8.900939104820315695e-01
8.901849198868192481e-01
8.902757469790422151e-01
8.903663924794995577e-01
8.904568571044678693e-01
8.905471415657402190e-01
8.906372465706656749e-01
8.907271728221872742e-01
8.908169210188802145e-01
8.909064918549897127e-01
8.909958860204677533e-01
8.910851042010103917e-01
8.911741470780937258e-01
8.912630153290101997e-01
8.913517096269040207e-01
8.914402306408064636e-01
8.915285790356706208e-01
8.916167554724060418e-01
8.917047606079127053e-01
8.917925950951145486e-01
8.918802595829929958e-01
8.919677547166201537e-01
8.920550811371910083e-01
8.921422394820561763e-01
8.922292303847533246e-01
8.923160544750393663e-01
8.924027123789212146e-01
8.924892047186870903e-01
8.925755321129368314e-01
8.926616951766124242e-01
8.927476945210278680e-01
8.928335307538988186e-01
8.929192044793718974e-01
8.930047162980538911e-01
8.930900668070403947e-01
8.931752565999441229e-01
8.932602862669232202e-01
8.933451563947090168e-01
8.934298675666335621e-01
8.935144203626571580e-01
8.935988153593950045e-01
8.936830531301441782e-01
8.937671342449099443e-01
8.938510592704318469e-01
8.939348287702099105e-01
8.940184433045299528e-01
8.941019034304893420e-01
8.941852097020217549e-01
8.942683626699222676e-01
8.943513628818720029e-01
8.944342108824623327e-01
8.945169072132191923e-01
8.945994524126268388e-01
8.946818470161516101e-01
8.947640915562653507e-01
8.948461865624683931e-01
8.949281325613127613e-01
8.950099300764247090e-01
8.950915796285274784e-01
8.951730817354633940e-01
8.952544369122157342e-01
8.953356456709310462e-01
8.954167085209404631e-01
8.954976259687810192e-01
8.955783985182173002e-01
8.956590266702619818e-01
8.957395109231969244e-01
8.958198517725937116e-01
8.959000497113339678e-01
8.959801052296295643e-01
8.960600188150427137e-01
8.961397909525059546e-01
8.962194221243412473e-01
8.962989128102800684e-01
8.963782634874821742e-01
8.964574746305548070e-01
8.965365467115717912e-01
8.966154802000920743e-01
8.966942755631781559e-01
8.967729332654145180e-01
8.968514537689260546e-01
8.969298375333958351e-01
8.970080850160829788e-01
8.970861966718403080e-01
8.971641729531319998e-01
8.972420143100507950e-01
8.973197211903354287e-01
8.973972940393871722e-01
8.974747333002873750e-01
8.975520394138135627e-01
8.976292128184564234e-01
8.977062539504360172e-01
8.977831632437179854e-01
8.978599411300298705e-01
8.979365880388768817e-01
8.980131043975578820e-01
8.980894906311809311e-01
8.981657471626788292e-01
8.982418744128245480e-01
8.983178728002465530e-01
8.983937427414436794e-01
8.984694846508003430e-01
8.985450989406014166e-01
8.986205860210465524e-01
8.986959463002652804e-01
8.987711801843309978e-01
8.988462880772756236e-01
8.989212703811036986e-01
8.989961274958061521e-01
8.990708598193747347e-01
8.991454677478154522e-01
8.992199516751624433e-01
8.992943119934915241e-01
8.993685490929335113e-01
8.994426633616877664e-01
8.995166551860351856e-01
8.995905249503515222e-01
8.996642730371202656e-01
8.997378998269454087e-01
8.998114056985644371e-01
8.998847910288607643e-01
8.999580561928764988e-01
9.000312015638245455e-01
9.001042275131011516e-01
9.001771344102982297e-01
9.002499226232152374e-01
9.003225925178713895e-01
9.003951444585173158e-01
9.004675788076470511e-01
9.005398959260098035e-01
9.006120961726212792e-01
9.006841799047754504e-01
9.007561474780557687e-01
9.008279992463467112e-01
9.008997355618447722e-01
9.009713567750696761e-01
9.010428632348753686e-01
9.011142552884610080e-01
9.011855332813817343e-01
9.012566975575594386e-01
9.013277484592935318e-01
9.013986863272712702e-01
9.014695115005785242e-01
9.015402243167099927e-01
9.016108251115794170e-01
9.016813142195302389e-01
9.017516919733451486e-01
9.018219587042566321e-01
9.018921147419566298e-01
9.019621604146066396e-01
9.020320960488473760e-01
9.021019219698084290e-01
9.021716385011182560e-01
9.022412459649135075e-01
9.023107446818483535e-01
9.023801349711042530e-01
9.024494171503989470e-01
9.025185915359962285e-01
9.025876584427143801e-01
9.026566181839360548e-01
9.027254710716168251e-01
9.027942174162942868e-01
9.028628575270969403e-01
9.029313917117530730e-01
9.029998202765995297e-01
9.030681435265901502e-01
9.031363617653047626e-01
9.032044752949573985e-01
9.032724844164049527e-01
9.033403894291556213e-01
9.034081906313770061e-01
9.034758883199046631e-01
9.035434827902502075e-01
9.036109743366094182e-01
9.036783632518703424e-01
9.037456498276212891e-01
9.038128343541589338e-01
9.038799171204959793e-01
9.039468984143691488e-01
9.040137785222470690e-01
9.040805577293375972e-01
9.041472363195957040e-01
9.042138145757312451e-01
9.042802927792162881e-01
9.043466712102924410e-01
9.044129501479785116e-01
9.044791298700778359e-01
9.045452106531854941e-01
9.046111927726956381e-01
9.046770765028084860e-01
9.047428621165377605e-01
9.048085498857176834e-01
9.048741400810097479e-01
9.049396329719099352e-01
9.050050288267555976e-01
9.050703279127323420e-01
9.051355304958808023e-01
9.052006368411034121e-01
9.052656472121710651e-01
9.053305618717298886e-01
9.053953810813077929e-01
9.054601051013209112e-01
9.055247341910804826e-01
9.055892686087988475e-01
9.056537086115961088e-01
9.057180544555065715e-01
9.057823063954849596e-01
9.058464646854126334e-01
9.059105295781040290e-01
9.059745013253124313e-01
9.060383801777366353e-01
9.061021663850266084e-01
9.061658601957897075e-01
9.062294618575966743e-01
9.062929716169876304e-01
9.063563897194778507e-01
9.064197164095638692e-01
9.064829519307290306e-01
9.065460965254493741e-01
9.066091504351995178e-01
9.066721139004580987e-01
9.067349871607137679e-01
9.067977704544704087e-01
9.068604640192530209e-01
9.069230680916131604e-01
9.069855829071343800e-01
9.070480087004376690e-01
9.071103457051870045e-01
9.071725941540945692e-01
9.072347542789263031e-01
9.072968263105070097e-01
9.073588104787255748e-01
9.074207070125405172e-01
9.074825161399846518e-01
9.075442380881708626e-01
9.076058730832966548e-01
9.076674213506495947e-01
9.077288831146123060e-01
9.077902585986671324e-01
9.078515480254016889e-01
9.079127516165131917e-01
9.079738695928138981e-01
9.080349021742355475e-01
9.080958495798344687e-01
9.081567120277961314e-01
9.082174897354403642e-01
9.082781829192254630e-01
9.083387917947532975e-01
9.083993165767739741e-01
9.084597574791902774e-01
9.085201147150624434e-01
9.085803884966124899e-01
9.086405790352292122e-01
9.087006865414720691e-01
9.087607112250762897e-01
9.088206532949567595e-01
9.088805129592127940e-01
9.089402904251323578e-01
9.089999858991965054e-01
9.090595995870835999e-01
9.091191316936738653e-01
9.091785824230532720e-01
9.092379519785179776e-01
9.092972405625785459e-01
9.093564483769640550e-01
9.094155756226263154e-01
9.094746224997439787e-01
9.095335892077264228e-01
9.095924759452183039e-01
9.096512829101031095e-01
9.097100102995072657e-01
9.097686583098043567e-01
9.098272271366188990e-01
9.098857169748302276e-01
9.099441280185764924e-01
9.100024604612585444e-01
9.100607144955437100e-01
9.101188903133697883e-01
9.101769881059484923e-01
9.102350080637696683e-01
9.102929503766047370e-01
9.103508152335105796e-01
9.104086028228329797e-01
9.104663133322107305e-01
9.105239469485789661e-01
9.105815038581728249e-01
9.106389842465311135e-01
9.106963882984998593e-01
9.107537161982359741e-01
9.108109681292104742e-01
9.108681442742124768e-01
9.109252448153521975e-01
9.109822699340647256e-01
9.110392198111134654e-01
9.110960946265932447e-01
9.111528945599340901e-01
9.112096197899043348e-01
9.112662704946141723e-01
9.113228468515188752e-01
9.113793490374221262e-01
9.114357772284792381e-01
9.114921316002004836e-01
9.115484123274544270e-01
9.116046195844709210e-01
9.116607535448445487e-01
9.117168143815378434e-01
9.117728022668840637e-01
9.118287173725907468e-01
9.118845598697425947e-01
9.119403299288046938e-01
9.119960277196256238e-01
9.120516534114403440e-01
9.121072071728735242e-01
9.121626891719422092e-01
9.122180995760591493e-01
9.122734385520356870e-01
9.123287062660845326e-01
9.123839028838229837e-01
9.124390285702757009e-01
9.124940834898777053e-01
9.125490678064771544e-01
9.126039816833383389e-01
9.126588252831445702e-01
9.127135987680008444e-01
9.127683022994368400e-01
9.128229360384096935e-01
9.128775001453065530e-01
9.129319947799476864e-01
9.129864201015890357e-01
9.130407762689249918e-01
9.130950634400912813e-01
9.131492817726672984e-01
9.132034314236789907e-01
9.132575125496017465e-01
9.133115253063627259e-01
9.133654698493435253e-01
9.134193463333830643e-01
9.134731549127798056e-01
9.135268957412947533e-01
9.135805689721536726e-01
9.136341747580497552e-01
9.136877132511462829e-01
9.137411846030791818e-01
9.137945889649591313e-01
9.138479264873745622e-01
9.139011973203937655e-01
9.139544016135676685e-01
9.140075395159319438e-01
9.140606111760097852e-01
9.141136167418140168e-01
9.141665563608497580e-01
9.142194301801166434e-01
9.142722383461112656e-01
9.143249810048296178e-01
9.143776583017692028e-01
9.144302703819315870e-01
9.144828173898246204e-01
9.145352994694647686e-01
9.145877167643794436e-01
9.146400694176093360e-01
9.146923575717104127e-01
9.147445813687564709e-01
9.147967409503411362e-01
9.148488364575803056e-01
9.149008680311142561e-01
9.149528358111098658e-01
9.150047399372627233e-01
9.150565805487993476e-01
9.151083577844792982e-01
9.151600717825975062e-01
9.152117226809862727e-01
9.152633106170173782e-01
9.153148357276041924e-01
9.153662981492037831e-01
9.154176980178190259e-01
9.154690354690007137e-01
9.155203106378495548e-01
9.155715236590182826e-01
9.156226746667134320e-01
9.156737637946978925e-01
9.157247911762923520e-01
9.157757569443776280e-01
9.158266612313966659e-01
9.158775041693563157e-01
9.159282858898295521e-01
9.159790065239572510e-01
9.160296662024501879e-01
9.160802650555908144e-01
9.161308032132355894e-01
9.161812808048164225e-01
9.162316979593430055e-01
9.162820548054042558e-01
9.163323514711704254e-01
9.163825880843952110e-01
9.164327647724170856e-01
9.164828816621616303e-01
9.165329388801430888e-01
9.165829365524662542e-01
9.166328748048283570e-01
9.166827537625207301e-01
9.167325735504306961e-01
9.167823342930434549e-01
9.168320361144436381e-01
9.168816791383173070e-01
9.169312634879533963e-01
9.169807892862458232e-01
9.170302566556950419e-01
9.170796657184095979e-01
9.171290165961082375e-01
9.171783094101212397e-01
9.172275442813924151e-01
9.172767213304805489e-01
9.173258406775611773e-01
9.173749024424282528e-01
9.174239067444959206e-01
9.174728537027999620e-01
9.175217434359995705e-01
9.175705760623789065e-01
9.176193516998487620e-01
9.176680704659482268e-01
9.177167324778462421e-01
9.177653378523431549e-01
9.178138867058722727e-01
9.178623791545016397e-01
9.179108153139354798e-01
9.179591952995156401e-01
9.180075192262233674e-01
9.180557872086806404e-01
9.181039993611519456e-01
9.181521557975456105e-01
9.182002566314153569e-01
9.182483019759619669e-01
9.182962919440345040e-01
9.183442266481319782e-01
9.183921062004049007e-01
9.184399307126567269e-01
9.184877002963450776e-01
9.185354150625835157e-01
9.185830751221429891e-01
9.186306805854530522e-01
9.186782315626034201e-01
9.187257281633454120e-01
9.187731704970933944e-01
9.188205586729262242e-01
9.188678927995885815e-01
9.189151729854924122e-01
9.189623993387182610e-01
9.190095719670167140e-01
9.190566909778097315e-01
9.191037564781920910e-01
9.191507685749327194e-01
9.191977273744760257e-01
9.192446329829432328e-01
9.192914855061339319e-01
9.193382850495269709e-01
9.193850317182822307e-01
9.194317256172417352e-01
9.194783668509308727e-01
9.195249555235600614e-01
9.195714917390256371e-01
9.196179756009114081e-01
9.196644072124897651e-01
9.197107866767231243e-01
9.197571140962651493e-01
9.198033895734619714e-01
9.198496132103535228e-01
9.198957851086746462e-01
9.199419053698565385e-01
9.199879740950277496e-01
9.200339913850157370e-01
9.200799573403478648e-01
9.201258720612526254e-01
9.201717356476608600e-01
9.202175481992070916e-01
9.202633098152307456e-01
9.203090205947769276e-01
9.203546806365983102e-01
9.204002900391556885e-01
9.204458489006194233e-01
9.204913573188706621e-01
9.205368153915024498e-01
9.205822232158209495e-01
9.206275808888463308e-01
9.206728885073141022e-01
9.207181461676765544e-01
9.207633539661033151e-01
9.208085119984827926e-01
9.208536203604233972e-01
9.208986791472545397e-01
9.209436884540275203e-01
9.209886483755171938e-01
9.210335590062224131e-01
9.210784204403675846e-01
9.211232327719036661e-01
9.211679960945091672e-01
9.212127105015912587e-01
9.212573760862867722e-01
9.213019929414635323e-01
9.213465611597210225e-01
9.213910808333918290e-01
9.214355520545424172e-01
9.214799749149742425e-01
9.215243495062250823e-01
9.215686759195694799e-01
9.216129542460204105e-01
9.216571845763298354e-01
9.217013670009900350e-01
9.217455016102343857e-01
9.217895884940385809e-01
9.218336277421214087e-01
9.218776194439458616e-01
9.219215636887203580e-01
9.219654605653994084e-01
9.220093101626846144e-01
9.220531125690258900e-01
9.220968678726223500e-01
9.221405761614229757e-01
9.221842375231281697e-01
9.222278520451901995e-01
9.222714198148143083e-01
9.223149409189598247e-01
9.223584154443409400e-01
9.224018434774275965e-01
9.224452251044467088e-01
9.224885604113828297e-01
9.225318494839791494e-01
9.225750924077384951e-01
9.226182892679241077e-01
9.226614401495607520e-01
9.227045451374354945e-01
9.227476043160985908e-01
9.227906177698644852e-01
9.228335855828125878e-01
9.228765078387882737e-01
9.229193846214037711e-01
9.229622160140390497e-01
9.230050020998425975e-01
9.230477429617323093e-01
9.230904386823964858e-01
9.231330893442947216e-01
9.231756950296584607e-01
9.232182558204922174e-01
9.232607717985743534e-01
9.233032430454577444e-01
9.233456696424707788e-01
9.233880516707181352e-01
9.234303892110817813e-01
9.234726823442215293e-01
9.235149311505761460e-01
9.235571357103640189e-01
9.235992961035839333e-01
9.236414124100160716e-01
9.236834847092227907e-01
9.237255130805492875e-01
9.237674976031243768e-01
9.238094383558617118e-01
9.238513354174600067e-01
9.238931888664043690e-01
9.239349987809665210e-01
9.239767652392062436e-01
9.240184883189715981e-01
9.240601680979000365e-01
9.241018046534189567e-01
9.241433980627468125e-01
9.241849484028934469e-01
9.242264557506612022e-01
9.242679201826455859e-01
9.243093417752358265e-01
9.243507206046159830e-01
9.243920567467655003e-01
9.244333502774599864e-01
9.244746012722718786e-01
9.245158098065713315e-01
9.245569759555267719e-01
9.245980997941058988e-01
9.246391813970762374e-01
9.246802208390058064e-01
9.247212181942640052e-01
9.247621735370222806e-01
9.248030869412546817e-01
9.248439584807389702e-01
9.248847882290568423e-01
9.249255762595949282e-01
9.249663226455455689e-01
9.250070274599072606e-01
9.250476907754855427e-01
9.250883126648936639e-01
9.251288932005532484e-01
9.251694324546949622e-01
9.252099304993591788e-01
9.252503874063967571e-01
9.252908032474697064e-01
9.253311780940517428e-01
9.253715120174290654e-01
9.254118050887011337e-01
9.254520573787810012e-01
9.254922689583963136e-01
9.255324398980898648e-01
9.255725702682202627e-01
9.256126601389623731e-01
9.256527095803083194e-01
9.256927186620680370e-01
9.257326874538696071e-01
9.257726160251603664e-01
9.258125044452072405e-01
9.258523527830975208e-01
9.258921611077393088e-01
9.259319294878624040e-01
9.259716579920188595e-01
9.260113466885834255e-01
9.260509956457544378e-01
9.260906049315542621e-01
9.261301746138299595e-01
9.261697047602539534e-01
9.262091954383244730e-01
9.262486467153664416e-01
9.262880586585318099e-01
9.263274313348003330e-01
9.263667648109800146e-01
9.264060591537079947e-01
9.264453144294508835e-01
9.264845307045053158e-01
9.265237080449988394e-01
9.265628465168901373e-01
9.266019461859700268e-01
9.266410071178615704e-01
9.266800293780210751e-01
9.267190130317383145e-01
9.267579581441375280e-01
9.267968647801775317e-01
9.268357330046527176e-01
9.268745628821931648e-01
9.269133544772656386e-01
9.269521078541739234e-01
9.269908230770593782e-01
9.270295002099016024e-01
9.270681393165189910e-01
9.271067404605690676e-01
9.271453037055492619e-01
9.271838291147974642e-01
9.272223167514923592e-01
9.272607666786543135e-01
9.272991789591455980e-01
9.273375536556709431e-01
9.273758908307784266e-01
9.274141905468594738e-01
9.274524528661498568e-01
9.274906778507300276e-01
9.275288655625256728e-01
9.275670160633081585e-01
9.276051294146950843e-01
9.276432056781509505e-01
9.276812449149874906e-01
9.277192471863642265e-01
9.277572125532891345e-01
9.277951410766189788e-01
9.278330328170598662e-01
9.278708878351676903e-01
9.279087061913489087e-01
9.279464879458607651e-01
9.279842331588118443e-01
9.280219418901626272e-01
9.280596141997259352e-01
9.280972501471674851e-01
9.281348497920063334e-01
9.281724131936153199e-01
9.282099404112218455e-01
9.282474315039078716e-01
9.282848865306108088e-01
9.283223055501238496e-01
9.283596886210964128e-01
9.283970358020345870e-01
9.284343471513017976e-01
9.284716227271192501e-01
9.285088625875660417e-01
9.285460667905801602e-01
9.285832353939584838e-01
9.286203684553576698e-01
9.286574660322942654e-01
9.286945281821453735e-01
9.287315549621490973e-01
9.287685464294048732e-01
9.288055026408739145e-01
9.288424236533799894e-01
9.288793095236095310e-01
9.289161603081121932e-01
9.289529760633011835e-01
9.289897568454540400e-01
9.290265027107128537e-01
9.290632137150846015e-01
9.290998899144417011e-01
9.291365313645225665e-01
9.291731381209319407e-01
9.292097102391412289e-01
9.292462477744891647e-01
9.292827507821820321e-01
9.293192193172941096e-01
9.293556534347682252e-01
9.293920531894162007e-01
9.294284186359190736e-01
9.294647498288277632e-01
9.295010468225632927e-01
9.295373096714173444e-01
9.295735384295525927e-01
9.296097331510031481e-01
9.296458938896748903e-01
9.296820206993461344e-01
9.297181136336677421e-01
9.297541727461637873e-01
9.297901980902316676e-01
9.298261897191428815e-01
9.298621476860430279e-01
9.298980720439525838e-01
9.299339628457670148e-01
9.299698201442573309e-01
9.300056439920705298e-01
9.300414344417299306e-01
9.300771915456353955e-01
9.301129153560638851e-01
9.301486059251700134e-01
9.301842633049861586e-01
9.302198875474229078e-01
9.302554787042696116e-01
9.302910368271946062e-01
9.303265619677456577e-01
9.303620541773502950e-01
9.303975135073162539e-01
9.304329400088318103e-01
9.304683337329662240e-01
9.305036947306699613e-01
9.305390230527753603e-01
9.305743187499966318e-01
9.306095818729305247e-01
9.306448124720565485e-01
9.306800105977374171e-01
9.307151763002193823e-01
9.307503096296325662e-01
9.307854106359912949e-01
9.308204793691947643e-01
9.308555158790268180e-01
9.308905202151569469e-01
9.309254924271402887e-01
9.309604325644178502e-01
9.309953406763172845e-01
9.310302168120530020e-01
9.310650610207263922e-01
9.310998733513264902e-01
9.311346538527299765e-01
9.311694025737019542e-01
9.312041195628958379e-01
9.312388048688540199e-01
9.312734585400080922e-01
9.313080806246791798e-01
9.313426711710783845e-01
9.313772302273070069e-01
9.314117578413568799e-01
9.314462540611107011e-01
9.314807189343426996e-01
9.315151525087183026e-01
9.315495548317952457e-01
9.315839259510232395e-01
9.316182659137447475e-01
9.316525747671949853e-01
9.316868525585025873e-01
9.317210993346897174e-01
9.317553151426724023e-01
9.317895000292608643e-01
9.318236540411599655e-01
9.318577772249693192e-01
9.318918696271838442e-01
9.319259312941938767e-01
9.319599622722856136e-01
9.319939626076414463e-01
9.320279323463401822e-01
9.320618715343574889e-01
9.320957802175658946e-01
9.321296584417355646e-01
9.321635062525343018e-01
9.321973236955279907e-01
9.322311108161807081e-01
9.322648676598552786e-01
9.322985942718133856e-01
9.323322906972161261e-01
9.323659569811240111e-01
9.323995931684974092e-01
9.324331993041969913e-01
9.324667754329837299e-01
9.325003215995194550e-01
9.325338378483669644e-01
9.325673242239904681e-01
9.326007807707559216e-01
9.326342075329310255e-01
9.326676045546858917e-01
9.327009718800931548e-01
9.327343095531280825e-01
9.327676176176693534e-01
9.328008961174988345e-01
9.328341450963021364e-01
9.328673645976688356e-01
9.329005546650929181e-01
9.329337153419726691e-01
9.329668466716114494e-01
9.329999486972175848e-01
9.330330214619048101e-01
9.330660650086927133e-01
9.330990793805066241e-01
9.331320646201781699e-01
9.331650207704456079e-01
9.331979478739538258e-01
9.332308459732548966e-01
9.332637151108081897e-01
9.332965553289807037e-01
9.333293666700472890e-01
9.333621491761909805e-01
9.333949028895033306e-01
9.334276278519844094e-01
9.334603241055433598e-01
9.334929916919986193e-01
9.335256306530780313e-01
9.335582410304191781e-01
9.335908228655698249e-01
9.336233761999879199e-01
9.336559010750419274e-01
9.336883975320111606e-01
9.337208656120861150e-01
9.337533053563684682e-01
9.337857168058716351e-01
9.338181000015207678e-01
9.338504549841531999e-01
9.338827817945185572e-01
9.339150804732792022e-01
9.339473510610103446e-01
9.339795935982002639e-01
9.340118081252505311e-01
9.340439946824765638e-01
9.340761533101075154e-01
9.341082840482867189e-01
9.341403869370719093e-01
9.341724620164353343e-01
9.342045093262641986e-01
9.342365289063607747e-01
9.342685207964428473e-01
9.343004850361436020e-01
9.343324216650121805e-01
9.343643307225137917e-01
9.343962122480299337e-01
9.344280662808587268e-01
9.344598928602151355e-01
9.344916920252310799e-01
9.345234638149558792e-01
9.345552082683562523e-01
9.345869254243167612e-01
9.346186153216399228e-01
9.346502779990465415e-01
9.346819134951757091e-01
9.347135218485854713e-01
9.347451030977524944e-01
9.347766572810729535e-01
9.348081844368620885e-01
9.348396846033548702e-01
9.348711578187062221e-01
9.349026041209910209e-01
9.349340235482044292e-01
9.349654161382621176e-01
9.349967819290005977e-01
9.350281209581773334e-01
9.350594332634708516e-01
9.350907188824812977e-01
9.351219778527303239e-01
9.351532102116614231e-01
9.351844159966402614e-01
9.352155952449547893e-01
9.352467479938153527e-01
9.352778742803552481e-01
9.353089741416305003e-01
9.353400476146204179e-01
9.353710947362277039e-01
9.354021155432786783e-01
9.354331100725233883e-01
9.354640783606359422e-01
9.354950204442146200e-01
9.355259363597823175e-01
9.355568261437865463e-01
9.355876898325995450e-01
9.356185274625187231e-01
9.356493390697668833e-01
9.356801246904922209e-01
9.357108843607685467e-01
9.357416181165957303e-01
9.357723259938998117e-01
9.358030080285328900e-01
9.358336642562739005e-01
9.358642947128282819e-01
9.358948994338284200e-01
9.359254784548339812e-01
9.359560318113319122e-01
9.359865595387366621e-01
9.360170616723902937e-01
9.360475382475630379e-01
9.360779892994531837e-01
9.361084148631872992e-01
9.361388149738205655e-01
9.361691896663367762e-01
9.361995389756487818e-01
9.362298629365983782e-01
9.362601615839568625e-01
9.362904349524249215e-01
9.363206830766329647e-01
9.363509059911413468e-01
9.363811037304403673e-01
9.364112763289507146e-01
9.364414238210235775e-01
9.364715462409407554e-01
9.365016436229148811e-01
9.365317160010895314e-01
9.365617634095396715e-01
9.365917858822715436e-01
9.366217834532231112e-01
9.366517561562639482e-01
9.366817040251957938e-01
9.367116270937524414e-01
9.367415253955999610e-01
