4.703160689490282209e+00
4.687656565613309567e+00
4.672208029335929602e+00
4.656814880165879522e+00
4.641476919292805370e+00
4.626193949562729557e+00
4.610965775452924298e+00
4.595792203047173174e+00
4.580673040011427055e+00
4.565608095569834823e+00
4.550597180481149806e+00
4.535640107015499467e+00
4.520736688931519254e+00
4.505886741453831945e+00
4.491090081250877830e+00
4.476346526413083282e+00
4.461655896431363288e+00
4.447018012175947277e+00
4.432432695875531792e+00
4.417899771096746697e+00
4.403419062723928690e+00
4.388990396939203009e+00
4.374613601202863578e+00
4.360288504234044460e+00
4.346014935991680872e+00
4.331792727655757957e+00
4.317621711608830459e+00
4.303501721417824832e+00
4.289432591816102480e+00
4.275414158685793886e+00
4.261446259040389428e+00
4.247528731007588654e+00
4.233661413812397356e+00
4.219844147760476005e+00
4.206076774221727099e+00
4.192359135614125876e+00
4.178691075387784615e+00
4.165072438009246092e+00
4.151503068946008845e+00
4.137982814651274488e+00
4.124511522548914400e+00
4.111089041018654022e+00
4.097715219381472984e+00
4.084389907885212168e+00
4.071112957690388612e+00
4.057884220856215585e+00
4.044703550326820718e+00
4.031570799917663983e+00
4.018485824302148401e+00
4.005448478998422601e+00
3.992458620356372112e+00
3.979516105544796734e+00
3.966620792538769980e+00
3.953772540107180600e+00
3.940971207800448628e+00
3.928216655938419510e+00
3.915508745598429652e+00
3.902847338603540717e+00
3.890232297510943571e+00
3.877663485600525650e+00
3.865140766863601751e+00
3.852664005991805585e+00
3.840233068366139424e+00
3.827847820046179184e+00
3.815508127759434043e+00
3.803213858890858390e+00
3.790964881472511649e+00
3.778761064173367323e+00
3.766602276289267248e+00
3.754488387733018406e+00
3.742419269024634509e+00
3.730394791281713029e+00
3.718414826209955226e+00
3.706479246093817626e+00
3.694587923787302053e+00
3.682740732704875786e+00
3.670937546812522712e+00
3.659178240618925937e+00
3.647462689166775185e+00
3.635790768024202979e+00
3.624162353276343396e+00
3.612577321517014717e+00
3.601035549840522432e+00
3.589536915833583475e+00
3.578081297567367702e+00
3.566668573589656610e+00
3.555298622917118845e+00
3.543971325027697183e+00
3.532686559853110975e+00
3.521444207771468271e+00
3.510244149599988983e+00
3.499086266587835947e+00
3.487970440409053907e+00
3.476896553155615965e+00
3.465864487330572175e+00
3.454874125841304711e+00
3.443925351992883854e+00
3.433018049481526557e+00
3.422152102388154038e+00
3.411327395172050192e+00
3.400543812664615029e+00
3.389801240063218923e+00
3.379099562925149680e+00
3.368438667161654188e+00
3.357818439032077329e+00
3.347238765138087935e+00
3.336699532418001546e+00
3.326200628141190663e+00
3.315741939902585145e+00
3.305323355617262759e+00
3.294944763515124553e+00
3.284606052135659482e+00
3.274307110322794312e+00
3.264047827219827003e+00
3.253828092264445360e+00
3.243647795183828286e+00
3.233506825989829192e+00
3.223405074974240225e+00
3.213342432704138218e+00
3.203318790017308793e+00
3.193334038017749954e+00
3.183388068071252519e+00
3.173480771801059586e+00
3.163612041083600168e+00
3.153781768044300549e+00
3.143989845053467125e+00
3.134236164722246087e+00
3.124520619898655482e+00
3.114843103663687884e+00
3.105203509327487676e+00
3.095601730425595832e+00
3.086037660715267972e+00
3.076511194171859476e+00
3.067022224985280321e+00
3.057570647556518306e+00
3.048156356494228003e+00
3.038779246611387652e+00
3.029439212922020896e+00
3.020136150637985128e+00
3.010869955165822898e+00
3.001640522103676822e+00
2.992447747238269784e+00
2.983291526541945959e+00
2.974171756169773584e+00
2.965088332456709885e+00
2.956041151914825083e+00
2.947030111230588556e+00
2.938055107262212751e+00
2.929116037037054809e+00
2.920212797749079048e+00
2.911345286756374051e+00
2.902513401578728391e+00
2.893717039895261856e+00
2.884956099542112629e+00
2.876230478510178656e+00
2.867540074942914075e+00
2.858884787134180261e+00
2.850264513526148846e+00
2.841679152707256684e+00
2.833128603410216328e+00
2.824612764510074481e+00
2.816131535022322385e+00
2.807684814101057746e+00
2.799272501037195493e+00
2.790894495256728280e+00
2.782550696319034955e+00
2.774241003915238313e+00
2.765965317866609485e+00
2.757723538123020290e+00
2.749515564761442210e+00
2.741341297984489334e+00
2.733200638119009707e+00
2.725093485614720201e+00
2.717019741042885794e+00
2.708979305095043255e+00
2.700972078581766578e+00
2.692997962431478598e+00
2.685056857689301246e+00
2.677148665515951098e+00
2.669273287186673116e+00
2.661430624090217467e+00
2.653620577727855423e+00
2.645843049712436557e+00
2.638097941767483245e+00
2.630385155726325586e+00
2.622704593531273609e+00
2.615056157232829026e+00
2.607439748988932493e+00
2.599855271064248186e+00
2.592302625829485230e+00
2.584781715760755105e+00
2.577292443438964575e+00
2.569834711549242368e+00
2.562408422880401826e+00
2.555013480324436870e+00
2.547649786876052147e+00
2.540317245632224719e+00
2.533015759791799937e+00
2.525745232655118855e+00
2.518505567623677166e+00
2.511296668199816118e+00
2.504118437986443624e+00
2.496970780686784686e+00
2.489853600104163789e+00
2.482766800141815278e+00
2.475710284802723482e+00
2.468683958189490379e+00
2.461687724504232122e+00
2.454721488048502653e+00
2.447785153223246191e+00
2.440878624528773244e+00
2.434001806564765946e+00
2.427154604030308693e+00
2.420336921723942769e+00
2.413548664543746725e+00
2.406789737487442959e+00
2.400060045652526508e+00
2.393359494236417806e+00
2.386687988536639438e+00
2.380045433951015532e+00
2.373431735977895141e+00
2.366846800216393820e+00
2.360290532366661864e+00
2.353762838230168963e+00
2.347263623710014624e+00
2.340792794811254574e+00
2.334350257641250703e+00
2.327935918410037441e+00
2.321549683430711220e+00
2.315191459119835482e+00
2.308861151997865679e+00
2.302558668689592469e+00
2.296283915924601793e+00
2.290036800537753159e+00
2.283817229469674359e+00
2.277625109767273504e+00
2.271460348584265709e+00
2.265322853181716667e+00
2.259212530928602636e+00
2.253129289302382432e+00
2.247073035889587622e+00
2.241043678386425153e+00
2.235041124599393747e+00
2.229065282445914953e+00
2.223116059954976631e+00
2.217193365267789762e+00
2.211297106638458132e+00
2.205427192434659123e+00
2.199583531138337378e+00
2.193766031346409129e+00
2.187974601771478511e+00
2.182209151242564538e+00
2.176469588705837843e+00
2.170755823225368086e+00
2.165067763983882010e+00
2.159405320283529051e+00
2.153768401546658051e+00
2.148156917316601522e+00
2.142570777258468784e+00
2.137009891159948438e+00
2.131474168932116164e+00
2.125963520610252289e+00
2.120477856354666457e+00
2.115017086451528527e+00
2.109581121313705676e+00
2.104169871481607945e+00
2.098783247624036452e+00
2.093421160539041370e+00
2.088083521154782574e+00
2.082770240530395611e+00
2.077481229856864342e+00
2.072216400457896679e+00
2.066975663790804774e+00
2.061758931447389642e+00
2.056566115154829788e+00
2.051397126776572932e+00
2.046251878313230854e+00
2.041130281903477783e+00
2.036032249824950568e+00
2.030957694495152399e+00
2.025906528472357859e+00
2.020878664456521090e+00
2.015874015290183507e+00
2.010892493959384630e+00
2.005934013594575127e+00
2.000998487471527643e+00
1.996085829012250956e+00
1.991195951785903917e+00
1.986328769509708936e+00
1.981484196049867030e+00
1.976662145422470651e+00
1.971862531794417839e+00
1.967085269484324828e+00
1.962330272963437761e+00
1.957597456856544182e+00
1.952886735942881646e+00
1.948198025157046764e+00
1.943531239589900483e+00
1.938886294489473805e+00
1.934263105261868843e+00
1.929661587472159434e+00
1.925081656845288869e+00
1.920523229266964282e+00
1.915986220784548610e+00
1.911470547607949877e+00
1.906976126110506486e+00
1.902502872829869407e+00
1.898050704468880800e+00
1.893619537896449101e+00
1.889209290148419651e+00
1.884819878428441564e+00
1.880451220108830146e+00
1.876103232731425319e+00
1.871775834008444939e+00
1.867468941823333228e+00
1.863182474231605212e+00
1.858916349461685158e+00
1.854670485915739908e+00
1.850444802170507996e+00
1.846239216978122100e+00
1.842053649266925497e+00
1.837888018142284974e+00
1.833742242887395069e+00
1.829616242964078321e+00
1.825509938013578637e+00
1.821423247857348660e+00
1.817356092497829811e+00
1.813308392119227674e+00
1.809280067088278710e+00
1.805271037955012092e+00
1.801281225453503110e+00
1.797310550502621229e+00
1.793358934206769284e+00
1.789426297856617332e+00
1.785512562929828073e+00
1.781617651091775167e+00
1.777741484196254884e+00
1.773883984286188653e+00
1.770045073594319618e+00
1.766224674543900974e+00
1.762422709749375871e+00
1.758639102017050204e+00
1.754873774345757198e+00
1.751126649927514212e+00
1.747397652148170666e+00
1.743686704588049308e+00
1.739993731022577705e+00
1.736318655422911972e+00
1.732661401956552938e+00
1.729021894987952557e+00
1.725400059079112758e+00
1.721795818990175864e+00
1.718209099680005236e+00
1.714639826306759041e+00
1.711087924228453794e+00
1.707553319003520143e+00
1.704035936391349093e+00
1.700535702352830691e+00
1.697052543050881823e+00
1.693586384850967130e+00
1.690137154321610158e+00
1.686704778234894730e+00
1.683289183566959224e+00
1.679890297498479956e+00
1.676508047415146141e+00
1.673142360908126625e+00
1.669793165774525967e+00
1.666460390017832749e+00
1.663143961848357666e+00
1.659843809683663407e+00
1.656559862148984763e+00
1.653292048077639187e+00
1.650040296511429583e+00
1.646804536701035993e+00
1.643584698106399289e+00
1.640380710397095321e+00
1.637192503452699732e+00
1.634020007363143678e+00
1.630863152429059992e+00
1.627721869162120694e+00
1.624596088285364281e+00
1.621485740733515035e+00
1.618390757653291656e+00
1.615311070403708138e+00
1.612246610556364201e+00
1.609197309895726846e+00
1.606163100419403689e+00
1.603143914338405196e+00
1.600139684077399371e+00
1.597150342274956669e+00
1.594175821783785807e+00
1.591216055670960250e+00
1.588270977218135815e+00
1.585340519921759173e+00
1.582424617493267460e+00
1.579523203859277913e+00
1.576636213161769939e+00
1.573763579758257203e+00
1.570905238221950828e+00
1.568061123341913943e+00
1.565231170123207116e+00
1.562415313787024918e+00
1.559613489770824035e+00
1.556825633728441849e+00
1.554051681530206785e+00
1.551291569263039571e+00
1.548545233230546492e+00
1.545812609953102656e+00
1.543093636167927940e+00
1.540388248829153595e+00
1.537696385107880870e+00
1.535017982392230085e+00
1.532352978287382816e+00
1.529701310615613874e+00
1.527062917416316168e+00
1.524437736946016919e+00
1.521825707678385431e+00
1.519226768304232422e+00
1.516640857731501812e+00
1.514067915085253846e+00
1.511507879707639557e+00
1.508960691157869016e+00
1.506426289212169367e+00
1.503904613863736417e+00
1.501395605322677795e+00
1.498899204015947895e+00
1.496415350587276150e+00
1.493943985897086213e+00
1.491485051022408470e+00
1.489038487256784116e+00
1.486604236110162125e+00
1.484182239308788898e+00
1.481772438795089686e+00
1.479374776727543805e+00
1.476989195480550743e+00
1.474615637644290489e+00
1.472254046024576324e+00
1.469904363642699829e+00
1.467566533735269241e+00
1.465240499754040471e+00
1.462926205365741472e+00
1.460623594451889495e+00
1.458332611108601240e+00
1.456053199646396346e+00
1.453785304589994221e+00
1.451528870678104211e+00
1.449283842863208882e+00
1.447050166311340424e+00
1.444827786401851277e+00
1.442616648727178319e+00
1.440416699092599506e+00
1.438227883515985628e+00
1.436050148227544510e+00
1.433883439669560111e+00
1.431727704496124520e+00
1.429582889572865056e+00
1.427448941976663610e+00
1.425325808995371757e+00
1.423213438127519215e+00
1.421111777082016081e+00
1.419020773777850186e+00
1.416940376343778007e+00
1.414870533118010254e+00
1.412811192647891900e+00
1.410762303689576669e+00
1.408723815207696184e+00
1.406695676375023130e+00
1.404677836572130190e+00
1.402670245387042769e+00
1.400672852614886610e+00
1.398685608257531188e+00
1.396708462523226668e+00
1.394741365826237312e+00
1.392784268786468660e+00
1.390837122229090284e+00
1.388899877184154530e+00
1.386972484886209278e+00
1.385054896773906696e+00
1.383147064489607114e+00
1.381248939878978677e+00
1.379360474990592111e+00
1.377481622075511503e+00
1.375612333586879954e+00
1.373752562179502146e+00
1.371902260709421340e+00
1.370061382233492830e+00
1.368229880008953625e+00
1.366407707492987011e+00
1.364594818342284688e+00
1.362791166412603117e+00
1.360996705758317660e+00
1.359211390631971828e+00
1.357435175483823198e+00
1.355668014961385337e+00
1.353909863908967059e+00
1.352160677367206576e+00
1.350420410572603203e+00
1.348689018957045294e+00
1.346966458147335288e+00
1.345252683964710094e+00
1.343547652424359695e+00
1.341851319734941983e+00
1.340163642298093594e+00
1.338484576707939189e+00
1.336814079750596518e+00
1.335152108403678817e+00
1.333498619835794763e+00
1.331853571406044212e+00
1.330216920663513047e+00
1.328588625346763585e+00
1.326968643383322988e+00
1.325356932889169226e+00
1.323753452168213718e+00
1.322158159711782188e+00
1.320571014198092863e+00
1.318991974491731778e+00
1.317420999643125867e+00
1.315858048888014498e+00
1.314303081646917448e+00
1.312756057524601561e+00
1.311216936309545167e+00
1.309685677973399631e+00
1.308162242670450226e+00
1.306646590737073232e+00
1.305138682691192598e+00
1.303638479231733927e+00
1.302145941238076698e+00
1.300661029769504484e+00
1.299183706064654276e+00
1.297713931540962928e+00
1.296251667794112050e+00
1.294796876597472890e+00
1.293349519901547007e+00
1.291909559833408050e+00
1.290476958696139764e+00
1.289051678968274439e+00
1.287633683303228693e+00
1.286222934528738593e+00
1.284819395646293216e+00
1.283423029830566664e+00
1.282033800428849846e+00
1.280651670960479827e+00
1.279276605116268950e+00
1.277908566757932629e+00
1.276547519917516027e+00
1.275193428796819628e+00
1.273846257766824364e+00
1.272505971367115407e+00
1.271172534305304858e+00
1.269845911456454202e+00
1.268526067862495443e+00
1.267212968731652456e+00
1.265906579437859891e+00
1.264606865520183421e+00
1.263313792682237535e+00
1.262027326791604231e+00
1.260747433879250146e+00
1.259474080138943686e+00
1.258207231926671499e+00
1.256946855760054715e+00
1.255692918317764306e+00
1.254445386438936660e+00
1.253204227122588277e+00
1.251969407527030675e+00
1.250740894969284644e+00
1.249518656924494708e+00
1.248302661025342708e+00
1.247092875061461825e+00
1.245889266978850385e+00
1.244691804879285435e+00
1.243500457019736327e+00
1.242315191811777852e+00
1.241135977821004488e+00
1.239962783766443533e+00
1.238795578519968688e+00
1.237634331105714081e+00
1.236479010699488068e+00
1.235329586628186815e+00
1.234186028369209431e+00
1.233048305549871548e+00
1.231916387946820679e+00
1.230790245485450463e+00
1.229669848239316687e+00
1.228555166429552425e+00
1.227446170424284055e+00
1.226342830738047729e+00
1.225245118031206282e+00
1.224153003109366145e+00
1.223066456922795364e+00
1.221985450565841180e+00
1.220909955276349157e+00
1.219839942435082758e+00
1.218775383565142256e+00
1.217716250331385863e+00
1.216662514539850637e+00
1.215614148137173833e+00
1.214571123210015369e+00
1.213533411984480725e+00
1.212500986825545191e+00
1.211473820236477428e+00
1.210451884858265492e+00
1.209435153469042179e+00
1.208423598983512148e+00
1.207417194452379716e+00
1.206415913061776646e+00
1.205419728132691937e+00
1.204428613120401614e+00
1.203442541613900518e+00
1.202461487335333423e+00
1.201485424139428604e+00
1.200514326012931177e+00
1.199548167074038441e+00
1.198586921571835440e+00
1.197630563885732080e+00
1.196679068524900691e+00
1.195732410127715140e+00
1.194790563461190835e+00
1.193853503420425843e+00
1.192921205028042886e+00
1.191993643433633121e+00
1.191070793913200143e+00
1.190152631868605315e+00
1.189239132827015322e+00
1.188330272440349278e+00
1.187426026484728059e+00
1.186526370859925184e+00
1.185631281588817254e+00
1.184740734816837726e+00
1.183854706811430235e+00
1.182973173961504143e+00
1.182096112776891195e+00
1.181223499887803285e+00
1.180355312044291338e+00
1.179491526115705957e+00
1.178632119090158969e+00
1.177777068073987188e+00
1.176926350291215950e+00
1.176079943083025769e+00
1.175237823907218537e+00
1.174399970337687282e+00
1.173566360063885261e+00
1.172736970890297492e+00
1.171911780735913622e+00
1.171090767633702123e+00
1.170273909730086048e+00
1.169461185284419891e+00
1.168652572668468226e+00
1.167848050365885459e+00
1.167047596971697798e+00
1.166251191191785663e+00
1.165458811842368547e+00
1.164670437849490536e+00
1.163886048248508276e+00
1.163105622183579158e+00
1.162329138907152615e+00
1.161556577779461419e+00
1.160787918268015861e+00
1.160023139947098159e+00
1.159262222497259298e+00
1.158505145704817663e+00
1.157751889461358097e+00
1.157002433763233640e+00
1.156256758711068144e+00
1.155514844509261341e+00
1.154776671465493898e+00
1.154042219990235818e+00
1.153311470596255495e+00
1.152584403898130327e+00
1.151861000611759556e+00
1.151141241553878203e+00
1.150425107641572353e+00
1.149712579891797093e+00
1.149003639420894896e+00
1.148298267444116449e+00
1.147596445275143040e+00
1.146898154325609820e+00
1.146203376104631966e+00
1.145512092218331279e+00
1.144824284369365230e+00
1.144139934356457111e+00
1.143459024073928409e+00
1.142781535511232516e+00
1.142107450752489761e+00
1.141436751976025121e+00
1.140769421453906363e+00
1.140105441551484855e+00
1.139444794726937271e+00
1.138787463530809507e+00
1.138133430605562380e+00
1.137482678685118209e+00
1.136835190594409850e+00
1.136190949248931492e+00
1.135549937654289909e+00
1.134912138905759260e+00
1.134277536187836111e+00
1.133646112773796455e+00
1.133017852025254957e+00
1.132392737391725523e+00
1.131770752410183434e+00
1.131151880704629020e+00
1.130536105985653572e+00
1.129923412050007014e+00
1.129313782780166253e+00
1.128707202143906185e+00
1.128103654193872263e+00
1.127503123067154389e+00
1.126905592984862370e+00
1.126311048251704028e+00
1.125719473255564207e+00
1.125130852467084885e+00
1.124545170439248620e+00
1.123962411806962436e+00
1.123382561286643710e+00
1.122805603675807617e+00
1.122231523852656565e+00
1.121660306775670968e+00
1.121091937483202239e+00
1.120526401093066893e+00
1.119963682802142424e+00
1.119403767885965184e+00
1.118846641698329591e+00
1.118292289670889339e+00
1.117740697312759934e+00
1.117191850210123016e+00
1.116645734025832670e+00
1.116102334499022852e+00
1.115561637444717036e+00
1.115023628753438967e+00
1.114488294390825640e+00
1.113955620397241386e+00
1.113425592887393956e+00
1.112898198049952603e+00
1.112373422147166835e+00
1.111851251514487604e+00
1.111331672560190054e+00
1.110814671764997819e+00
1.110300235681708658e+00
1.109788350934822088e+00
1.109279004220169007e+00
1.108772182304541554e+00
1.108267872025326728e+00
1.107766060290139576e+00
1.107266734076459480e+00
1.106769880431266895e+00
1.106275486470682745e+00
1.105783539379608715e+00
1.105294026411369979e+00
1.104806934887358150e+00
1.104322252196677123e+00
1.103839965795790024e+00
1.103360063208167929e+00
1.102882532023939488e+00
1.102407359899543637e+00
1.101934534557381884e+00
1.101464043785474134e+00
1.100995875437114524e+00
1.100530017430529917e+00
1.100066457748539506e+00
1.099605184438216199e+00
1.099146185610548887e+00
1.098689449440107158e+00
1.098234964164707561e+00
1.097782718085080322e+00
1.097332699564538938e+00
1.096884897028650441e+00
1.096439298964907882e+00
1.095995893922403264e+00
1.095554670511503570e+00
1.095115617403526809e+00
1.094678723330420267e+00
1.094243977084440766e+00
1.093811367517835365e+00
1.093380883542524273e+00
1.092952514129785557e+00
1.092526248309940273e+00
1.092102075172039832e+00
1.091679983863555359e+00
1.091259963590067050e+00
1.090842003614956868e+00
1.090426093259100782e+00
1.090012221900564127e+00
1.089600378974297623e+00
1.089190553971834952e+00
1.088782736440991661e+00
1.088376915985565851e+00
1.087973082265040414e+00
1.087571224994286156e+00
1.087171333943266704e+00
1.086773398936744739e+00
1.086377409853990006e+00
1.085983356628488439e+00
1.085591229247652612e+00
1.085201017752533970e+00
1.084812712237535726e+00
1.084426302850128421e+00
1.084041779790565929e+00
1.083659133311602796e+00
1.083278353718213349e+00
1.082899431367312593e+00
1.082522356667477537e+00
1.082147120078670754e+00
1.081773712111964381e+00
1.081402123329266329e+00
1.081032344343048068e+00
1.080664365816072614e+00
1.080298178461124747e+00
1.079933773040742562e+00
1.079571140366949900e+00
1.079210271300990565e+00
1.078851156753063645e+00
1.078493787682059946e+00
1.078138155095300865e+00
1.077784250048276604e+00
1.077432063644387705e+00
1.077081587034686816e+00
1.076732811417621782e+00
1.076385728038780076e+00
1.076040328190635442e+00
1.075696603212294100e+00
1.075354544489243613e+00
1.075014143453103088e+00
1.074675391581373152e+00
1.074338280397189260e+00
1.074002801469074564e+00
1.073668946410694769e+00
1.073336706880614777e+00
1.073006074582054881e+00
1.072677041262650510e+00
1.072349598714211094e+00
1.072023738772481360e+00
1.071699453316903972e+00
1.071376734270382602e+00
1.071055573599046351e+00
1.070735963312016370e+00
1.070417895461172275e+00
1.070101362140920775e+00
1.069786355487965190e+00
1.069472867681076300e+00
1.069160890940863640e+00
1.068850417529549457e+00
1.068541439750742006e+00
1.068233949949211725e+00
1.067927940510667417e+00
1.067623403861534204e+00
1.067320332468732369e+00
1.067018718839457314e+00
1.066718555520960843e+00
1.066419835100334002e+00
1.066122550204289476e+00
1.065826693498947542e+00
1.065532257689620677e+00
1.065239235520600847e+00
1.064947619774948118e+00
1.064657403274278824e+00
1.064368578878556182e+00
1.064081139485881788e+00
1.063795078032288011e+00
1.063510387491531040e+00
1.063227060874885943e+00
1.062945091230942385e+00
1.062664471645401232e+00
1.062385195240872271e+00
1.062107255176673482e+00
1.061830644648630750e+00
1.061555356888878920e+00
1.061281385165663727e+00
1.061008722783145508e+00
1.060737363081202922e+00
1.060467299435238209e+00
1.060198525255983570e+00
1.059931033989308213e+00
1.059664819116027168e+00
1.059399874151710108e+00
1.059136192646492169e+00
1.058873768184884767e+00
1.058612594385588634e+00
1.058352664901306417e+00
1.058093973418557932e+00
1.057836513657494981e+00
1.057580279371717724e+00
1.057325264348091931e+00
1.057071462406567797e+00
1.056818867399998751e+00
1.056567473213962050e+00
1.056317273766579579e+00
1.056068263008340669e+00
1.055820434921924456e+00
1.055573783522024689e+00
1.055328302855174316e+00
1.055083986999571843e+00
1.054840830064907697e+00
1.054598826192192806e+00
1.054357969553586738e+00
1.054118254352227835e+00
1.053879674822063572e+00
1.053642225227682250e+00
1.053405899864145345e+00
1.053170693056820983e+00
1.052936599161218068e+00
1.052703612562821522e+00
1.052471727676928204e+00
1.052240938948484139e+00
1.052011240851922214e+00
1.051782627891000743e+00
1.051555094598642937e+00
1.051328635536777911e+00
1.051103245296181266e+00
1.050878918496317649e+00
1.050655649785184220e+00
1.050433433839153441e+00
1.050212265362818975e+00
1.049992139088840259e+00
1.049773049777789957e+00
1.049554992218000304e+00
1.049337961225411675e+00
1.049121951643421369e+00
1.048906958342733509e+00
1.048692976221209605e+00
1.048480000203719342e+00
1.048268025241993806e+00
1.048057046314477603e+00
1.047847058426183198e+00
1.047638056608545032e+00
1.047430035919275415e+00
1.047222991442220641e+00
1.047016918287217546e+00
1.046811811589951846e+00
1.046607666511816026e+00
1.046404478239769453e+00
1.046202241986197601e+00
1.046000952988773713e+00
1.045800606510320030e+00
1.045601197838669894e+00
1.045402722286531194e+00
1.045205175191350699e+00
1.045008551915177719e+00
1.044812847844530213e+00
1.044618058390260895e+00
1.044424178987423346e+00
1.044231205095140558e+00
1.044039132196472819e+00
1.043847955798286486e+00
1.043657671431124312e+00
1.043468274649075545e+00
1.043279761029647146e+00
1.043092126173635670e+00
1.042905365705000253e+00
1.042719475270735607e+00
1.042534450540745672e+00
1.042350287207719051e+00
1.042166980987003999e+00
1.041984527616484524e+00
1.041802922856457148e+00
1.041622162489508563e+00
1.041442242320393508e+00
1.041263158175913750e+00
1.041084905904797520e+00
1.040907481377579380e+00
1.040730880486481214e+00
1.040555099145294093e+00
1.040380133289259490e+00
1.040205978874953141e+00
1.040032631880167369e+00
1.039860088303796060e+00
1.039688344165718981e+00
1.039517395506686759e+00
1.039347238388207417e+00
1.039177868892432688e+00
1.039009283122045435e+00
1.038841477200147523e+00
1.038674447270147905e+00
1.038508189495652489e+00
1.038342700060352897e+00
1.038177975167917433e+00
1.038014011041882068e+00
1.037850803925541632e+00
1.037688350081842126e+00
1.037526645793273472e+00
1.037365687361762934e+00
1.037205471108568755e+00
1.037045993374174913e+00
1.036887250518186532e+00
1.036729238919224638e+00
1.036571954974823573e+00
1.036415395101326853e+00
1.036259555733785476e+00
1.036104433325855112e+00
1.035950024349695076e+00
1.035796325295867515e+00
1.035643332673236827e+00
1.035491043008869960e+00
1.035339452847937602e+00
1.035188558753614929e+00
1.035038357306983681e+00
1.034888845106935129e+00
1.034740018770072378e+00
1.034591874930613997e+00
1.034444410240298540e+00
1.034297621368288622e+00
1.034151505001076110e+00
