5.274478334702346061e+00
5.265956153004266227e+00
5.257455926572257354e+00
5.248977549653193186e+00
5.240520917439928539e+00
5.232085926059237835e+00
5.223672472559947266e+00
5.215280454901263241e+00
5.206909771941286458e+00
5.198560323425713392e+00
5.190232009976716299e+00
5.181924733082005297e+00
5.173638395084061870e+00
5.165372899169546450e+00
5.157128149358868541e+00
5.148904050495928253e+00
5.140700508238011501e+00
5.132517429045852175e+00
5.124354720173839972e+00
5.116212289660390766e+00
5.108090046318455535e+00
5.099987899726186491e+00
5.091905760217738219e+00
5.083843538874215362e+00
5.075801147514755307e+00
5.067778498687750321e+00
5.059775505662200246e+00
5.051792082419196639e+00
5.043828143643534823e+00
5.035883604715453821e+00
5.027958381702499757e+00
5.020052391351508270e+00
5.012165551080708603e+00
5.004297778971943167e+00
4.996448993763006108e+00
4.988619114840088464e+00
4.980808062230337896e+00
4.973015756594529435e+00
4.965242119219836603e+00
4.957487072012716212e+00
4.949750537491889091e+00
4.942032438781423842e+00
4.934332699603923622e+00
4.926651244273807073e+00
4.918987997690686953e+00
4.911342885332842911e+00
4.903715833250784861e+00
4.896106768060914050e+00
4.888515616939264952e+00
4.880942307615342202e+00
4.873386768366040123e+00
4.865848928009648411e+00
4.858328715899943084e+00
4.850826061920357368e+00
4.843340896478233404e+00
4.835873150499155670e+00
4.828422755421359014e+00
4.820989643190216611e+00
4.813573746252802543e+00
4.806174997552527195e+00
4.798793330523846379e+00
4.791428679087044173e+00
4.784080977643083266e+00
4.776750161068525458e+00
4.769436164710524118e+00
4.762138924381876137e+00
4.754858376356149385e+00
4.747594457362866116e+00
4.740347104582757432e+00
4.733116255643076364e+00
4.725901848612974909e+00
4.718703821998939674e+00
4.711522114740290590e+00
4.704356666204736470e+00
4.697207416183987405e+00
4.690074304889428447e+00
4.682957272947844807e+00
4.675856261397204783e+00
4.668771211682496869e+00
4.661702065651620153e+00
4.654648765551327116e+00
4.647611254023218841e+00
4.640589474099791722e+00
4.633583369200532154e+00
4.626592883128064493e+00
4.619617960064343443e+00
4.612658544566898833e+00
4.605714581565123034e+00
4.598786016356608108e+00
4.591872794603530039e+00
4.584974862329072920e+00
4.578092165913902889e+00
4.571224652092681140e+00
4.564372267950624007e+00
4.557534960920104794e+00
4.550712678777293796e+00
4.543905369638844505e+00
4.537112981958617119e+00
4.530335464524442912e+00
4.523572766454928562e+00
4.516824837196297793e+00
4.510091626519272090e+00
4.503373084515990499e+00
4.496669161596963171e+00
4.489979808488063995e+00
4.483304976227560523e+00
4.476644616163173218e+00
4.469998679949179099e+00
4.463367119543539374e+00
4.456749887205070593e+00
4.450146935490642441e+00
4.443558217252411957e+00
4.436983685635088825e+00
4.430423294073234430e+00
4.423876996288590213e+00
4.417344746287438007e+00
4.410826498357992342e+00
4.404322207067821182e+00
4.397831827261297732e+00
4.391355314057080683e+00
4.384892622845625532e+00
4.378443709286721663e+00
4.372008529307057856e+00
4.365587039097819755e+00
4.359179195112308669e+00
4.352784954063592338e+00
4.346404272922179679e+00
4.340037108913723074e+00
4.333683419516745516e+00
4.327343162460393522e+00
4.321016295722216682e+00
4.314702777525971200e+00
4.308402566339446516e+00
4.302115620872318580e+00
4.295841900074026221e+00
4.289581363131668823e+00
4.283333969467931546e+00
4.277099678739030075e+00
4.270878450832679363e+00
4.264670245866081899e+00
4.258475024183944413e+00
4.252292746356509667e+00
4.246123373177613125e+00
4.239966865662760931e+00
4.233823185047224769e+00
4.227692292784163364e+00
4.221574150542760862e+00
4.215468720206384745e+00
4.209375963870765958e+00
4.203295843842194124e+00
4.197228322635739417e+00
4.191173362973485084e+00
4.185130927782784838e+00
4.179100980194538018e+00
4.173083483541478067e+00
4.167078401356485884e+00
4.161085697370916492e+00
4.155105335512945253e+00
4.149137279905930953e+00
4.143181494866796655e+00
4.137237944904424758e+00
4.131306594718073377e+00
4.125387409195806043e+00
4.119480353412936502e+00
4.113585392630494830e+00
4.107702492293704211e+00
4.101831618030474580e+00
4.095972735649915819e+00
4.090125811140858936e+00
4.084290810670398564e+00
4.078467700582449673e+00
4.072656447396314938e+00
4.066857017805269869e+00
4.061069378675164820e+00
4.055293497043034101e+00
4.049529340115724629e+00
4.043776875268538795e+00
4.038036070043887982e+00
4.032306892149959410e+00
4.026589309459400745e+00
4.020883290008013589e+00
4.015188801993460288e+00
4.009505813773986738e+00
4.003834293867154059e+00
3.998174210948587604e+00
3.992525533850732611e+00
3.986888231561625862e+00
3.981262273223679760e+00
3.975647628132475297e+00
3.970044265735570566e+00
3.964452155631319030e+00
3.958871267567698027e+00
3.953301571441152351e+00
3.947743037295445401e+00
3.942195635320524527e+00
3.936659335851393937e+00
3.931134109367003138e+00
3.925619926489141154e+00
3.920116757981345401e+00
3.914624574747818553e+00
3.909143347832357396e+00
3.903673048417291014e+00
3.898213647822428740e+00
3.892765117504020100e+00
3.887327429053722305e+00
3.881900554197579289e+00
3.876484464795009632e+00
3.871079132837804249e+00
3.865684530449132961e+00
3.860300629882562617e+00
3.854927403521081430e+00
3.849564823876134412e+00
3.844212863586667250e+00
3.838871495418180402e+00
3.833540692261788951e+00
3.828220427133294468e+00
3.822910673172264850e+00
3.817611403641120393e+00
3.812322591924231840e+00
3.807044211527024213e+00
3.801776236075089077e+00
3.796518639313307464e+00
3.791271395104976794e+00
3.786034477430950229e+00
3.780807860388780028e+00
3.775591518191872442e+00
3.770385425168646609e+00
3.765189555761703666e+00
3.760003884527002960e+00
3.754828386133044926e+00
3.749663035360062402e+00
3.744507807099218599e+00
3.739362676351812631e+00
3.734227618228491696e+00
3.729102607948471704e+00
3.723987620838763224e+00
3.718882632333405436e+00
3.713787617972706290e+00
3.708702553402490221e+00
3.703627414373352522e+00
3.698562176739919050e+00
3.693506816460114361e+00
3.688461309594435633e+00
3.683425632305231900e+00
3.678399760855991740e+00
3.673383671610635393e+00
3.668377341032814432e+00
3.663380745685216766e+00
3.658393862228878302e+00
3.653416667422500375e+00
3.648449138121773849e+00
3.643491251278706766e+00
3.638542983940960873e+00
3.633604313251193041e+00
3.628675216446401119e+00
3.623755670857276900e+00
3.618845653907563964e+00
3.613945143113421299e+00
3.609054116082792252e+00
3.604172550514780138e+00
3.599300424199026960e+00
3.594437715015098789e+00
3.589584400931877806e+00
3.584740460006956564e+00
3.579905870386039357e+00
3.575080610302348916e+00
3.570264658076037101e+00
3.565457992113600927e+00
3.560660590907304357e+00
3.555872433034604096e+00
3.551093497157580270e+00
3.546323762022372428e+00
3.541563206458620439e+00
3.536811809378909377e+00
3.532069549778219297e+00
3.527336406733380336e+00
3.522612359402531368e+00
3.517897387024584432e+00
3.513191468918692273e+00
3.508494584483720757e+00
3.503806713197727074e+00
3.499127834617440147e+00
3.494457928377746381e+00
3.489796974191180290e+00
3.485144951847418238e+00
3.480501841212777059e+00
3.475867622229717124e+00
3.471242274916348070e+00
3.466625779365939852e+00
3.462018115746438252e+00
3.457419264299983475e+00
3.452829205342431429e+00
3.448247919262882988e+00
3.443675386523212367e+00
3.439111587657602609e+00
3.434556503272083283e+00
3.430010114044072633e+00
3.425472400721923272e+00
3.420943344124471874e+00
3.416422925140591538e+00
3.411911124728749023e+00
3.407407923916565107e+00
3.402913303800378042e+00
3.398427245544811015e+00
3.393949730382342711e+00
3.389480739612882321e+00
3.385020254603346768e+00
3.380568256787241932e+00
3.376124727664246983e+00
3.371689648799802708e+00
3.367263001824701618e+00
3.362844768434683829e+00
3.358434930390032935e+00
3.354033469515178112e+00
3.349640367698297982e+00
3.345255606890927158e+00
3.340879169107566327e+00
3.336511036425297227e+00
3.332151190983396738e+00
3.327799614982958509e+00
3.323456290686514158e+00
3.319121200417658901e+00
3.314794326560679849e+00
3.310475651560187860e+00
3.306165157920750719e+00
3.301862828206531653e+00
3.297568645040928281e+00
3.293282591106215129e+00
3.289004649143189685e+00
3.284734801950821126e+00
3.280473032385899934e+00
3.276219323362692837e+00
3.271973657852599526e+00
3.267736018883810267e+00
3.263506389540969277e+00
3.259284752964838106e+00
3.255071092351963014e+00
3.250865390954344125e+00
3.246667632079108134e+00
3.242477799088182788e+00
3.238295875397974033e+00
3.234121844479044938e+00
3.229955689855799061e+00
3.225797395106163368e+00
3.221646943861276924e+00
3.217504319805179147e+00
3.213369506674502052e+00
3.209242488258163384e+00
3.205123248397064195e+00
3.201011770983787308e+00
3.196908039962297998e+00
3.192812039327646900e+00
3.188723753125676463e+00
3.184643165452728741e+00
3.180570260455354070e+00
3.176505022330025074e+00
3.172447435322849785e+00
3.168397483729288755e+00
3.164355151893873064e+00
3.160320424209925427e+00
3.156293285119283976e+00
3.152273719112026029e+00
3.148261710726195428e+00
3.144257244547532082e+00
3.140260305209202851e+00
3.136270877391533762e+00
3.132288945821747106e+00
3.128314495273696760e+00
3.124347510567607511e+00
3.120387976569817479e+00
3.116435878192519660e+00
3.112491200393507018e+00
3.108553928175919356e+00
3.104624046587991959e+00
3.100701540722806904e+00
3.096786395718043483e+00
3.092878596755734399e+00
3.088978129062020628e+00
3.085084977906909831e+00
3.081199128604035220e+00
3.077320566510417077e+00
3.073449277026226945e+00
3.069585245594550926e+00
3.065728457701157872e+00
3.061878898874265786e+00
3.058036554684314012e+00
3.054201410743732747e+00
3.050373452706718336e+00
3.046552666269006782e+00
3.042739037167651706e+00
3.038932551180801411e+00
3.035133194127479506e+00
3.031340951867366851e+00
3.027555810300583516e+00
3.023777755367473841e+00
3.020006773048393711e+00
3.016242849363496958e+00
3.012485970372525745e+00
3.008736122174600958e+00
3.004993290908013925e+00
3.001257462750022142e+00
2.997528623916642321e+00
2.993806760662449662e+00
2.990091859280374020e+00
2.986383906101500507e+00
2.982682887494871871e+00
2.978988789867288656e+00
2.975301599663116026e+00
2.971621303364086586e+00
2.967947887489109871e+00
2.964281338594077830e+00
2.960621643271676984e+00
2.956968788151197902e+00
2.953322759898347805e+00
2.949683545215064484e+00
2.946051130839331123e+00
2.942425503544992882e+00
2.938806650141573940e+00
2.935194557474097188e+00
2.931589212422903934e+00
2.927990601903475376e+00
2.924398712866255856e+00
2.920813532296476112e+00
2.917235047213979193e+00
2.913663244673047270e+00
2.910098111762227990e+00
2.906539635604164395e+00
2.902987803355425722e+00
2.899442602206337316e+00
2.895904019380813654e+00
2.892372042136193144e+00
2.888846657763071590e+00
2.885327853585139213e+00
2.881815616959016779e+00
2.878309935274095288e+00
2.874810795952374765e+00
2.871318186448304388e+00
2.867832094248625729e+00
2.864352506872213766e+00
2.860879411869922340e+00
2.857412796824427836e+00
2.853952649350076864e+00
2.850498957092731711e+00
2.847051707729620240e+00
2.843610888969184014e+00
2.840176488550929079e+00
2.836748494245277197e+00
2.833326893853418849e+00
2.829911675207166244e+00
2.826502826168807658e+00
2.823100334630963548e+00
2.819704188516441778e+00
2.816314375778096402e+00
2.812930884398685549e+00
2.809553702390731544e+00
2.806182817796379680e+00
2.802818218687261886e+00
2.799459893164356838e+00
2.796107829357854957e+00
2.792762015427021627e+00
2.789422439560062639e+00
2.786089089973990518e+00
2.782761954914491298e+00
2.779441022655792626e+00
2.776126281500532311e+00
2.772817719779628209e+00
2.769515325852148990e+00
2.766219088105185353e+00
2.762928994953723016e+00
2.759645034840515265e+00
2.756367196235956829e+00
2.753095467637960425e+00
2.749829837571831082e+00
2.746570294590143568e+00
2.743316827272619385e+00
2.740069424226005967e+00
2.736828074083954565e+00
2.733592765506901667e+00
2.730363487181949100e+00
2.727140227822745899e+00
2.723922976169370180e+00
2.720711720988213234e+00
2.717506451071863616e+00
2.714307155238990354e+00
2.711113822334230594e+00
2.707926441228075021e+00
2.704745000816754619e+00
2.701569490022129205e+00
2.698399897791575963e+00
2.695236213097878863e+00
2.692078424939118531e+00
2.688926522338563885e+00
2.685780494344562452e+00
2.682640330030433784e+00
2.679506018494361985e+00
2.676377548859290467e+00
2.673254910272814922e+00
2.670138091907080291e+00
2.667027082958675077e+00
2.663921872648528311e+00
2.660822450221808300e+00
2.657728804947818713e+00
2.654640926119898658e+00
2.651558803055320546e+00
2.648482425095191939e+00
2.645411781604354751e+00
2.642346861971287098e+00
2.639287655608006045e+00
2.636234151949969018e+00
2.633186340455977881e+00
2.630144210608082567e+00
2.627107751911486044e+00
2.624076953894448838e+00
2.621051806108196214e+00
2.618032298126822699e+00
2.615018419547201489e+00
2.612010159988889857e+00
2.609007509094038557e+00
2.606010456527301677e+00
2.603018991975744711e+00
2.600033105148754853e+00
2.597052785777953066e+00
2.594078023617103046e+00
2.591108808442025513e+00
2.588145130050509390e+00
2.585186978262224766e+00
2.582234342918637182e+00
2.579287213882921481e+00
2.576345581039876098e+00
2.573409434295839571e+00
2.570478763578604831e+00
2.567553558837337047e+00
2.564633810042490136e+00
2.561719507185723277e+00
2.558810640279820525e+00
2.555907199358608217e+00
2.553009174476874588e+00
2.550116555710289390e+00
2.547229333155324404e+00
2.544347496929173058e+00
2.541471037169672709e+00
2.538599944035225597e+00
2.535734207704722021e+00
2.532873818377461728e+00
2.530018766273077979e+00
2.527169041631461610e+00
2.524324634712684201e+00
2.521485535796923472e+00
2.518651735184388674e+00
2.515823223195245983e+00
2.512999990169544340e+00
2.510182026467142613e+00
2.507369322467635886e+00
2.504561868570284400e+00
2.501759655193940723e+00
2.498962672776977811e+00
2.496170911777219281e+00
2.493384362671867027e+00
2.490603015957433275e+00
2.487826862149669083e+00
2.485055891783495952e+00
2.482290095412936992e+00
2.479529463611048534e+00
2.476773986969852182e+00
2.474023656100267310e+00
2.471278461632044010e+00
2.468538394213696474e+00
2.465803444512436826e+00
2.463073603214109841e+00
2.460348861023126776e+00
2.457629208662400533e+00
2.454914636873282152e+00
2.452205136415495534e+00
2.449500698067073934e+00
2.446801312624297342e+00
2.444106970901628983e+00
2.441417663731653143e+00
2.438733381965012548e+00
2.436054116470347086e+00
2.433379858134232965e+00
2.430710597861120537e+00
2.428046326573274794e+00
2.425387035210714970e+00
2.422732714731154147e+00
2.420083356109940631e+00
2.417438950339998893e+00
2.414799488431770058e+00
2.412164961413154174e+00
2.409535360329452924e+00
2.406910676243310565e+00
2.404290900234657968e+00
2.401676023400655335e+00
2.399066036855635797e+00
2.396460931731049016e+00
2.393860699175405227e+00
2.391265330354220175e+00
2.388674816449960492e+00
2.386089148661987736e+00
2.383508318206504661e+00
2.380932316316501485e+00
2.378361134241701258e+00
2.375794763248507468e+00
2.373233194619949860e+00
2.370676419655632472e+00
2.368124429671680797e+00
2.365577216000689820e+00
2.363034769991672057e+00
2.360497083010006936e+00
2.357964146437388386e+00
2.355435951671774664e+00
2.352912490127338163e+00
2.350393753234413907e+00
2.347879732439451139e+00
2.345370419204963142e+00
2.342865805009477498e+00
2.340365881347487687e+00
2.337870639729404232e+00
2.335380071681505854e+00
2.332894168745892394e+00
2.330412922480435967e+00
2.327936324458733885e+00
2.325464366270061145e+00
2.322997039519323792e+00
2.320534335827012740e+00
2.318076246829155806e+00
2.315622764177273307e+00
2.313173879538330979e+00
2.310729584594695574e+00
2.308289871044088670e+00
2.305854730599542268e+00
2.303424154989353045e+00
2.300998135957039725e+00
2.298576665261296448e+00
2.296159734675951469e+00
2.293747335989921421e+00
2.291339461007168676e+00
2.288936101546658275e+00
2.286537249442315289e+00
2.284142896542981749e+00
2.281753034712374006e+00
2.279367655829040995e+00
2.276986751786322483e+00
2.274610314492307328e+00
2.272238335869792181e+00
2.269870807856239736e+00
2.267507722403738324e+00
2.265149071478961940e+00
2.262794847063128056e+00
2.260445041151958989e+00
2.258099645755641482e+00
2.255758652898787187e+00
2.253422054620392245e+00
2.251089842973799104e+00
2.248762010026657432e+00
2.246438547860884594e+00
2.244119448572627906e+00
2.241804704272225557e+00
2.239494307084169300e+00
2.237188249147065378e+00
2.234886522613598103e+00
2.232589119650491671e+00
2.230296032438473297e+00
2.228007253172235913e+00
2.225722774060400866e+00
2.223442587325482833e+00
2.221166685203852076e+00
2.218895059945698467e+00
2.216627703814995520e+00
2.214364609089465752e+00
2.212105768060542932e+00
2.209851173033338778e+00
2.207600816326606541e+00
2.205354690272706364e+00
2.203112787217571089e+00
2.200875099520670730e+00
2.198641619554978721e+00
2.196412339706937722e+00
2.194187252376425423e+00
2.191966349976720796e+00
2.189749624934470340e+00
2.187537069689655223e+00
2.185328676695557082e+00
2.183124438418726054e+00
2.180924347338947467e+00
2.178728395949208529e+00
2.176536576755666808e+00
2.174348882277617356e+00
2.172165305047461192e+00
2.169985837610671986e+00
2.167810472525766308e+00
2.165639202364270322e+00
2.163472019710688699e+00
2.161308917162473975e+00
2.159149887329994577e+00
2.156994922836505069e+00
2.154844016318114175e+00
2.152697160423755474e+00
2.150554347815155420e+00
2.148415571166804039e+00
2.146280823165925167e+00
2.144150096512446257e+00
2.142023383918967738e+00
2.139900678110734589e+00
2.137781971825606586e+00
2.135667257814028552e+00
2.133556528839001487e+00
2.131449777676054147e+00
2.129346997113213291e+00
2.127248179950975704e+00
2.125153319002279773e+00
2.123062407092475734e+00
2.120975437059299917e+00
2.118892401752844545e+00
2.116813294035530202e+00
2.114738106782079630e+00
2.112666832879487977e+00
2.110599465226996596e+00
2.108535996736065510e+00
2.106476420330345878e+00
2.104420728945653352e+00
2.102368915529941429e+00
2.100320973043273476e+00
2.098276894457797415e+00
2.096236672757718189e+00
2.094200300939272452e+00
2.092167772010701920e+00
2.090139078992227173e+00
2.088114214916021005e+00
2.086093172826184450e+00
2.084075945778719241e+00
2.082062526841502947e+00
2.080052909094263658e+00
2.078047085628555113e+00
2.076045049547730947e+00
2.074046793966919378e+00
2.072052312012998332e+00
2.070061596824571915e+00
2.068074641551944204e+00
2.066091439357095716e+00
2.064111983413658091e+00
2.062136266906890114e+00
2.060164283033654620e+00
2.058196025002392293e+00
2.056231486033099909e+00
2.054270659357305462e+00
2.052313538218043742e+00
2.050360115869834132e+00
2.048410385578656623e+00
2.046464340621927835e+00
2.044521974288478372e+00
2.042583279878530167e+00
2.040648250703672062e+00
2.038716880086838046e+00
2.036789161362284606e+00
2.034865087875566303e+00
2.032944652983515343e+00
2.031027850054218042e+00
2.029114672466992175e+00
2.027205113612365217e+00
2.025299166892052583e+00
2.023396825718934089e+00
2.021498083517033528e+00
2.019602933721495575e+00
2.017711369778565800e+00
2.015823385145566693e+00
2.013938973290878121e+00
2.012058127693914678e+00
2.010180841845104371e+00
2.008307109245868638e+00
2.006436923408599249e+00
2.004570277856638771e+00
2.002707166124258809e+00
2.000847581756639570e+00
1.998991518309849003e+00
1.997138969350821913e+00
1.995289928457339323e+00
1.993444389218008039e+00
1.991602345232240667e+00
1.989763790110234742e+00
1.987928717472952744e+00
1.986097120952102113e+00
1.984268994190114599e+00
1.982444330840127167e+00
1.980623124565961346e+00
1.978805369042103912e+00
1.976991057953686903e+00
1.975180184996468524e+00
1.973372743876812718e+00
1.971568728311670737e+00
1.969768132028560936e+00
1.967970948765549899e+00
1.966177172271233342e+00
1.964386796304716576e+00
1.962599814635596074e+00
1.960816221043939711e+00
1.959036009320268779e+00
1.957259173265538665e+00
1.955485706691119985e+00
1.953715603418780367e+00
1.951948857280665806e+00
1.950185462119281787e+00
1.948425411787475525e+00
1.946668700148416864e+00
1.944915321075580961e+00
1.943165268452728967e+00
1.941418536173890930e+00
1.939675118143347143e+00
1.937935008275610382e+00
1.936198200495408139e+00
1.934464688737664417e+00
1.932734466947482410e+00
1.931007529080126517e+00
1.929283869101005022e+00
1.927563480985652333e+00
1.925846358719711215e+00
1.924132496298916140e+00
1.922421887729075296e+00
1.920714527026053720e+00
1.919010408215755747e+00
1.917309525334108145e+00
1.915611872427042783e+00
1.913917443550479769e+00
1.912226232770310785e+00
1.910538234162381999e+00
1.908853441812476737e+00
1.907171849816299503e+00
1.905493452279458877e+00
1.903818243317450865e+00
1.902146217055642685e+00
1.900477367629255898e+00
1.898811689183350193e+00
1.897149175872806737e+00
1.895489821862311963e+00
1.893833621326341587e+00
1.892180568449144173e+00
1.890530657424724481e+00
1.888883882456828589e+00
1.887240237758926575e+00
1.885599717554197197e+00
1.883962316075512122e+00
1.882328027565419504e+00
1.880696846276128875e+00
1.879068766469494500e+00
1.877443782417000717e+00
1.875821888399745285e+00
1.874203078708424730e+00
1.872587347643317912e+00
1.870974689514271150e+00
1.869365098640682454e+00
1.867758569351486653e+00
1.866155095985139400e+00
1.864554672889602083e+00
1.862957294422327159e+00
1.861362954950242177e+00
1.859771648849735337e+00
1.858183370506639731e+00
1.856598114316218684e+00
1.855015874683151100e+00
1.853436646021516143e+00
1.851860422754777913e+00
1.850287199315771680e+00
1.848716970146688343e+00
1.847149729699059773e+00
1.845585472433744156e+00
1.844024192820911789e+00
1.842465885340029752e+00
1.840910544479847699e+00
1.839358164738383650e+00
1.837808740622908887e+00
1.836262266649933972e+00
1.834718737345194306e+00
1.833178147243635925e+00
1.831640490889400619e+00
1.830105762835812611e+00
1.828573957645363457e+00
1.827045069889698503e+00
1.825519094149602450e+00
1.823996025014985367e+00
1.822475857084868700e+00
1.820958584967371063e+00
1.819444203279694694e+00
1.817932706648111019e+00
1.816424089707947331e+00
1.814918347103572582e+00
1.813415473488383611e+00
1.811915463524791381e+00
1.810418311884207654e+00
1.808924013247030782e+00
1.807432562302632162e+00
1.805943953749342912e+00
1.804458182294440105e+00
1.802975242654133226e+00
1.801495129553550845e+00
1.800017837726727077e+00
1.798543361916587813e+00
1.797071696874938063e+00
1.795602837362447746e+00
1.794136778148639477e+00
1.792673514011873914e+00
1.791213039739337765e+00
1.789755350127030020e+00
1.788300439979748413e+00
1.786848304111077201e+00
1.785398937343373404e+00
1.783952334507753701e+00
1.782508490444081772e+00
1.781067400000954759e+00
1.779629058035691047e+00
1.778193459414316946e+00
1.776760599011553143e+00
1.775330471710803160e+00
1.773903072404139136e+00
1.772478395992290290e+00
1.771056437384628923e+00
1.769637191499158435e+00
1.768220653262500663e+00
1.766806817609882563e+00
1.765395679485124214e+00
1.763987233840625946e+00
1.762581475637355455e+00
1.761178399844835596e+00
1.759778001441131723e+00
1.758380275412839255e+00
1.756985216755071022e+00
1.755592820471445048e+00
1.754203081574071676e+00
1.752815995083541800e+00
1.751431556028914205e+00
1.750049759447702913e+00
1.748670600385865415e+00
1.747294073897790012e+00
1.745920175046283607e+00
1.744548898902559486e+00
1.743180240546225335e+00
1.741814195065270798e+00
1.740450757556055272e+00
1.739089923123296133e+00
1.737731686880056303e+00
1.736376043947732040e+00
1.735022989456041609e+00
1.733672518543012409e+00
1.732324626354969199e+00
1.730979308046522780e+00
1.729636558780557110e+00
1.728296373728217761e+00
1.726958748068900373e+00
1.725623676990237998e+00
1.724291155688089994e+00
1.722961179366529816e+00
1.721633743237833025e+00
1.720308842522466186e+00
1.718986472449074210e+00
1.717666628254469474e+00
1.716349305183619389e+00
1.715034498489635295e+00
1.713722203433760249e+00
1.712412415285357703e+00
1.711105129321899954e+00
1.709800340828956378e+00
1.708498045100181661e+00
1.707198237437304478e+00
1.705900913150115938e+00
1.704606067556458271e+00
1.703313695982212828e+00
1.702023793761288761e+00
1.700736356235612146e+00
1.699451378755113540e+00
1.698168856677717331e+00
1.696888785369329966e+00
1.695611160203829071e+00
1.694335976563051460e+00
1.693063229836782035e+00
1.691792915422742460e+00
1.690525028726580281e+00
1.689259565161856935e+00
1.687996520150036872e+00
1.686735889120476228e+00
1.685477667510411948e+00
1.684221850764950013e+00
1.682968434337054564e+00
1.681717413687536800e+00
1.680468784285043649e+00
1.679222541606046670e+00
1.677978681134831174e+00
1.676737198363484893e+00
1.675498088791886886e+00
1.674261347927696431e+00
1.673026971286342368e+00
1.671794954391011778e+00
1.670565292772638877e+00
1.669337981969894358e+00
1.668113017529174069e+00
1.666890395004588354e+00
1.665670109957950951e+00
1.664452157958768108e+00
1.663236534584227710e+00
1.662023235419188172e+00
1.660812256056168001e+00
1.659603592095334479e+00
1.658397239144493218e+00
