2.392177745847594572e+00
2.391624338773976177e+00
2.391072045248501698e+00
2.390520859288730371e+00
2.389970774966334588e+00
2.389421786406412007e+00
2.388873887786810091e+00
2.388327073337460416e+00
2.387781337339725862e+00
2.387236674125754909e+00
2.386693078077850583e+00
2.386150543627846066e+00
2.385609065256490968e+00
2.385068637492849586e+00
2.384529254913705376e+00
2.383990912142976981e+00
2.383453603851144020e+00
2.382917324754679544e+00
2.382382069615492703e+00
2.381847833240381185e+00
2.381314610480489424e+00
2.380782396230778808e+00
2.380251185429501870e+00
2.379720973057687594e+00
2.379191754138634707e+00
2.378663523737410745e+00
2.378136276960359119e+00
2.377610008954615939e+00
2.377084714907630403e+00
2.376560390046696725e+00
2.376037029638489173e+00
2.375514628988605992e+00
2.374993183441120426e+00
2.374472688378136631e+00
2.373953139219355357e+00
2.373434531421641847e+00
2.372916860478603507e+00
2.372400121920172467e+00
2.371884311312194349e+00
2.371369424256021929e+00
2.370855456388116789e+00
2.370342403379655849e+00
2.369830260936142796e+00
2.369319024797025719e+00
2.368808690735320521e+00
2.368299254557239664e+00
2.367790712101825346e+00
2.367283059240588461e+00
2.366776291877153326e+00
2.366270405946905964e+00
2.365765397416649041e+00
2.365261262284259924e+00
2.364757996578354504e+00
2.364255596357956346e+00
2.363754057712168066e+00
2.363253376759850255e+00
2.362753549649302176e+00
2.362254572557949572e+00
2.361756441692033359e+00
2.361259153286305867e+00
2.360762703603729307e+00
2.360267088935178226e+00
2.359772305599148190e+00
2.359278349941464903e+00
2.358785218335000433e+00
2.358292907179391662e+00
2.357801412900762283e+00
2.357310731951449245e+00
2.356820860809733187e+00
2.356331795979571542e+00
2.355843533990334748e+00
2.355356071396547346e+00
2.354869404777632180e+00
2.354383530737656827e+00
2.353898445905084458e+00
2.353414146932527373e+00
2.352930630496504527e+00
2.352447893297200388e+00
2.351965932058229569e+00
2.351484743526401910e+00
2.351004324471492435e+00
2.350524671686013534e+00
2.350045781984988924e+00
2.349567652205733381e+00
2.349090279207632470e+00
2.348613659871925385e+00
2.348137791101493121e+00
2.347662669820646197e+00
2.347188292974915935e+00
2.346714657530849291e+00
2.346241760475805904e+00
2.345769598817757373e+00
2.345298169585087855e+00
2.344827469826400002e+00
2.344357496610320446e+00
2.343888247025309290e+00
2.343419718179471811e+00
2.342951907200371942e+00
2.342484811234847530e+00
2.342018427448829598e+00
2.341552753027162481e+00
2.341087785173426195e+00
2.340623521109760574e+00
2.340159958076693858e+00
2.339697093332970379e+00
2.339234924155380924e+00
2.338773447838597530e+00
2.338312661695006955e+00
2.337852563054548582e+00
2.337393149264551884e+00
2.336934417689579213e+00
2.336476365711267267e+00
2.336018990728171207e+00
2.335562290155611453e+00
2.335106261425522689e+00
2.334650901986302429e+00
2.334196209302662695e+00
2.333742180855484794e+00
2.333288814141672773e+00
2.332836106674010868e+00
2.332384055981021831e+00
2.331932659606827052e+00
2.331481915111007552e+00
2.331031820068468097e+00
2.330582372069301744e+00
2.330133568718654846e+00
2.329685407636596928e+00
2.329237886457987905e+00
2.328791002832350632e+00
2.328344754423741669e+00
2.327899138910626053e+00
2.327454153985752061e+00
2.327009797356026422e+00
2.326566066742394412e+00
2.326122959879717733e+00
2.325680474516654161e+00
2.325238608415541641e+00
2.324797359352279269e+00
2.324356725116213163e+00
2.323916703510021442e+00
2.323477292349601431e+00
2.323038489463957745e+00
2.322600292695091717e+00
2.322162699897892146e+00
2.321725708940026944e+00
2.321289317701836552e+00
2.320853524076226915e+00
2.320418325968565565e+00
2.319983721296578594e+00
2.319549707990246734e+00
2.319116283991704996e+00
2.318683447255141861e+00
2.318251195746700244e+00
2.317819527444378913e+00
2.317388440337935673e+00
2.316957932428791445e+00
2.316528001729933894e+00
2.316098646265825067e+00
2.315669864072306794e+00
2.315241653196509652e+00
2.314814011696760154e+00
2.314386937642492370e+00
2.313960429114156891e+00
2.313534484203134234e+00
2.313109101011645130e+00
2.312684277652666154e+00
2.312260012249842234e+00
2.311836302937402721e+00
2.311413147860077455e+00
2.310990545173013722e+00
2.310568493041693205e+00
2.310146989641851167e+00
2.309726033159396508e+00
2.309305621790330498e+00
2.308885753740669067e+00
2.308466427226364193e+00
2.308047640473226192e+00
2.307629391716847334e+00
2.307211679202526344e+00
2.306794501185193358e+00
2.306377855929334419e+00
2.305961741708919543e+00
2.305546156807328106e+00
2.305131099517278681e+00
2.304716568140755761e+00
2.304302560988939597e+00
2.303889076382137358e+00
2.303476112649711638e+00
2.303063668130013397e+00
2.302651741170313571e+00
2.302240330126735568e+00
2.301829433364188660e+00
2.301419049256301808e+00
2.301009176185357941e+00
2.300599812542230449e+00
2.300190956726317459e+00
2.299782607145479663e+00
2.299374762215976364e+00
2.298967420362403313e+00
2.298560580017632304e+00
2.298154239622747674e+00
2.297748397626988126e+00
2.297343052487685000e+00
2.296938202670204099e+00
2.296533846647886179e+00
2.296129982901988331e+00
2.295726609921626693e+00
2.295323726203720049e+00
2.294921330252931213e+00
2.294519420581613289e+00
2.294117995709751501e+00
2.293717054164910341e+00
2.293316594482178061e+00
2.292916615204112052e+00
2.292517114880685991e+00
2.292118092069236557e+00
2.291719545334411023e+00
2.291321473248114415e+00
2.290923874389459325e+00
2.290526747344713510e+00
2.290130090707249710e+00
2.289733903077495025e+00
2.289338183062881171e+00
2.288942929277796079e+00
2.288548140343533710e+00
2.288153814888246540e+00
2.287759951546897597e+00
2.287366548961212498e+00
2.286973605779631935e+00
2.286581120657265931e+00
2.286189092255846766e+00
2.285797519243683684e+00
2.285406400295617146e+00
2.285015734092973982e+00
2.284625519323521647e+00
2.284235754681426034e+00
2.283846438867205730e+00
2.283457570587688945e+00
2.283069148555971317e+00
2.282681171491372396e+00
2.282293638119393453e+00
2.281906547171675292e+00
2.281519897385956952e+00
2.281133687506034402e+00
2.280747916281719689e+00
2.280362582468800525e+00
2.279977684828998985e+00
2.279593222129933761e+00
2.279209193145078860e+00
2.278825596653725416e+00
2.278442431440942606e+00
2.278059696297538572e+00
2.277677390020023562e+00
2.277295511410571294e+00
2.276914059276981206e+00
2.276533032432642045e+00
2.276152429696494117e+00
2.275772249892993759e+00
2.275392491852076038e+00
2.275013154409120109e+00
2.274634236404911913e+00
2.274255736685610430e+00
2.273877654102712143e+00
2.273499987513015519e+00
2.273122735778587256e+00
2.272745897766728529e+00
2.272369472349940356e+00
2.271993458405890287e+00
2.271617854817379545e+00
2.271242660472309272e+00
2.270867874263647668e+00
2.270493495089398461e+00
2.270119521852567601e+00
2.269745953461132615e+00
2.269372788828009302e+00
2.269000026871021980e+00
2.268627666512870622e+00
2.268255706681101547e+00
2.267884146308075444e+00
2.267512984330937620e+00
2.267142219691587801e+00
2.266771851336650379e+00
2.266401878217443766e+00
2.266032299289952423e+00
2.265663113514796656e+00
2.265294319857203753e+00
2.264925917286979562e+00
2.264557904778479624e+00
2.264190281310581199e+00
2.263823045866654837e+00
2.263456197434537742e+00
2.263089735006504455e+00
2.262723657579240211e+00
2.262357964153814294e+00
2.261992653735652503e+00
2.261627725334510064e+00
2.261263177964446314e+00
2.260899010643797613e+00
2.260535222395150701e+00
2.260171812245317824e+00
2.259808779225310538e+00
2.259446122370313947e+00
2.259083840719662284e+00
2.258721933316812702e+00
2.258360399209321301e+00
2.257999237448817809e+00
2.257638447090981604e+00
2.257278027195516401e+00
2.256917976826127603e+00
2.256558295050496987e+00
2.256198980940259613e+00
2.255840033570979841e+00
2.255481452022128686e+00
2.255123235377059832e+00
2.254765382722986988e+00
2.254407893150960795e+00
2.254050765755845731e+00
2.253693999636298795e+00
2.253337593894745527e+00
2.252981547637359583e+00
2.252625859974039635e+00
2.252270530018387618e+00
2.251915556887686964e+00
2.251560939702881736e+00
2.251206677588554417e+00
2.250852769672905485e+00
2.250499215087731653e+00
2.250146012968405440e+00
2.249793162453854301e+00
2.249440662686540637e+00
2.249088512812440044e+00
2.248736711981022651e+00
2.248385259345231368e+00
2.248034154061463230e+00
2.247683395289549413e+00
2.247332982192734807e+00
2.246982913937659365e+00
2.246633189694337673e+00
2.246283808636140744e+00
2.245934769939776476e+00
2.245586072785271003e+00
2.245237716355949154e+00
2.244889699838416242e+00
2.244542022422540306e+00
2.244194683301432125e+00
2.243847681671427452e+00
2.243501016732070141e+00
2.243154687686092608e+00
2.242808693739398507e+00
2.242463034101044972e+00
2.242117707983224850e+00
2.241772714601249383e+00
2.241428053173530888e+00
2.241083722921565435e+00
2.240739723069915534e+00
2.240396052846193253e+00
2.240052711481043790e+00
2.239709698208127708e+00
2.239367012264105394e+00
2.239024652888620182e+00
2.238682619324281031e+00
2.238340910816647433e+00
2.237999526614212975e+00
2.237658465968389354e+00
2.237317728133489503e+00
2.236977312366712933e+00
2.236637217928129306e+00
2.236297444080663332e+00
2.235957990090078340e+00
2.235618855224962509e+00
2.235280038756711996e+00
2.234941539959516721e+00
2.234603358110344384e+00
2.234265492488926697e+00
2.233927942377743392e+00
2.233590707062008462e+00
2.233253785829654614e+00
2.232917177971319056e+00
2.232580882780328846e+00
2.232244899552687567e+00
2.231909227587059341e+00
2.231573866184756394e+00
2.231238814649723512e+00
2.230904072288525164e+00
2.230569638410331290e+00
2.230235512326902647e+00
2.229901693352578818e+00
2.229568180804263555e+00
2.229234974001411462e+00
2.228902072266013779e+00
2.228569474922587279e+00
2.228237181298158287e+00
2.227905190722251572e+00
2.227573502526876581e+00
2.227242116046514120e+00
2.226911030618104359e+00
2.226580245581033513e+00
2.226249760277120959e+00
2.225919574050606808e+00
2.225589686248139465e+00
2.225260096218763195e+00
2.224930803313905692e+00
2.224601806887365640e+00
2.224273106295301172e+00
2.223944700896216542e+00
2.223616590050951025e+00
2.223288773122666484e+00
2.222961249476836709e+00
2.222634018481233209e+00
2.222307079505915883e+00
2.221980431923220145e+00
2.221654075107745818e+00
2.221328008436344703e+00
2.221002231288110362e+00
2.220676743044366575e+00
2.220351543088655344e+00
2.220026630806725798e+00
2.219702005586524418e+00
2.219377666818181716e+00
2.219053613894003352e+00
2.218729846208458145e+00
2.218406363158167416e+00
2.218083164141894326e+00
2.217760248560533221e+00
2.217437615817098084e+00
2.217115265316713657e+00
2.216793196466603888e+00
2.216471408676081722e+00
2.216149901356537999e+00
2.215828673921432568e+00
2.215507725786283189e+00
2.215187056368655316e+00
2.214866665088152331e+00
2.214546551366405325e+00
2.214226714627063330e+00
2.213907154295783108e+00
2.213587869800219377e+00
2.213268860570015040e+00
2.212950126036791421e+00
2.212631665634139377e+00
2.212313478797608646e+00
2.211995564964698069e+00
2.211677923574847604e+00
2.211360554069428108e+00
2.211043455891730680e+00
2.210726628486959999e+00
2.210410071302222779e+00
2.210093783786519772e+00
2.209777765390736004e+00
2.209462015567632331e+00
2.209146533771836118e+00
2.208831319459831910e+00
2.208516372089953439e+00
2.208201691122373855e+00
2.207887276019097733e+00
2.207573126243950856e+00
2.207259241262573557e+00
2.206945620542410946e+00
2.206632263552704032e+00
2.206319169764481725e+00
2.206006338650552401e+00
2.205693769685495464e+00
2.205381462345652910e+00
2.205069416109120883e+00
2.204757630455740802e+00
2.204446104867092693e+00
2.204134838826485421e+00
2.203823831818950030e+00
2.203513083331230415e+00
2.203202592851775776e+00
2.202892359870732619e+00
2.202582383879937211e+00
2.202272664372907141e+00
2.201963200844833324e+00
2.201653992792573344e+00
2.201345039714642571e+00
2.201036341111206607e+00
2.200727896484074186e+00
2.200419705336689180e+00
2.200111767174123489e+00
2.199804081503068609e+00
2.199496647831828966e+00
2.199189465670314370e+00
2.198882534530032906e+00
2.198575853924082502e+00
2.198269423367144260e+00
2.197963242375476245e+00
2.197657310466904601e+00
2.197351627160817333e+00
2.197046191978157204e+00
2.196741004441413736e+00
2.196436064074617889e+00
2.196131370403333172e+00
2.195826922954650318e+00
2.195522721257178844e+00
2.195218764841041725e+00
2.194915053237866953e+00
2.194611585980782209e+00
2.194308362604407314e+00
2.194005382644848012e+00
2.193702645639688420e+00
2.193400151127984810e+00
2.193097898650259836e+00
2.192795887748494543e+00
2.192494117966123035e+00
2.192192588848025814e+00
2.191891299940522231e+00
2.191590250791365158e+00
2.191289440949734768e+00
2.190988869966231434e+00
2.190688537392869506e+00
2.190388442783071987e+00
2.190088585691662981e+00
2.189788965674862364e+00
2.189489582290279124e+00
2.189190435096906029e+00
2.188891523655112969e+00
2.188592847526640739e+00
2.188294406274595261e+00
2.187996199463441371e+00
2.187698226658997491e+00
2.187400487428428963e+00
2.187102981340242280e+00
2.186805707964280199e+00
2.186508666871714635e+00
2.186211857635040889e+00
2.185915279828073654e+00
2.185618933025939015e+00
2.185322816805070456e+00
2.185026930743201756e+00
2.184731274419362990e+00
2.184435847413873422e+00
2.184140649308337068e+00
2.183845679685636032e+00
2.183550938129926511e+00
2.183256424226632131e+00
2.182962137562439064e+00
2.182668077725289812e+00
2.182374244304378763e+00
2.182080636890146863e+00
2.181787255074275400e+00
2.181494098449681118e+00
2.181201166610511777e+00
2.180908459152139933e+00
2.180615975671157614e+00
2.180323715765371873e+00
2.180031679033799019e+00
2.179739865076660621e+00
2.179448273495376398e+00
2.179156903892561559e+00
2.178865755872019250e+00
2.178574829038737892e+00
2.178284122998884964e+00
2.177993637359801671e+00
2.177703371729998949e+00
2.177413325719151693e+00
2.177123498938095203e+00
2.176833890998819410e+00
2.176544501514463548e+00
2.176255330099312157e+00
2.175966376368789756e+00
2.175677639939457286e+00
2.175389120429006340e+00
2.175100817456254276e+00
2.174812730641139780e+00
2.174524859604718863e+00
2.174237203969159982e+00
2.173949763357738263e+00
2.173662537394832839e+00
2.173375525705921074e+00
2.173088727917573681e+00
2.172802143657452056e+00
2.172515772554301616e+00
2.172229614237948692e+00
2.171943668339295641e+00
2.171657934490316855e+00
2.171372412324053869e+00
2.171087101474610925e+00
2.170802001577151419e+00
2.170517112267893012e+00
2.170232433184102749e+00
2.169947963964094395e+00
2.169663704247222658e+00
2.169379653673879638e+00
2.169095811885490832e+00
2.168812178524510692e+00
2.168528753234417739e+00
2.168245535659711898e+00
2.167962525445909172e+00
2.167679722239538087e+00
2.167397125688136139e+00
2.167114735440244022e+00
2.166832551145403851e+00
2.166550572454152945e+00
2.166268799018022051e+00
2.165987230489529125e+00
2.165705866522177114e+00
2.165424706770449514e+00
2.165143750889805929e+00
2.164862998536678962e+00
2.164582449368470218e+00
2.164302103043545422e+00
2.164021959221232194e+00
2.163742017561815167e+00
2.163462277726532434e+00
2.163182739377571995e+00
2.162903402178067758e+00
2.162624265792095990e+00
2.162345329884671319e+00
2.162066594121743623e+00
2.161788058170193594e+00
2.161509721697829622e+00
2.161231584373383807e+00
2.160953645866508843e+00
2.160675905847774469e+00
2.160398363988662584e+00
2.160121019961565469e+00
2.159843873439780904e+00
2.159566924097509055e+00
2.159290171609849374e+00
2.159013615652797036e+00
2.158737255903238506e+00
2.158461092038949314e+00
2.158185123738590061e+00
2.157909350681702421e+00
2.157633772548706919e+00
2.157358389020898937e+00
2.157083199780445604e+00
2.156808204510381355e+00
2.156533402894606155e+00
2.156258794617881058e+00
2.155984379365825543e+00
2.155710156824913959e+00
2.155436126682472420e+00
2.155162288626674805e+00
2.154888642346540983e+00
2.154615187531931930e+00
2.154341923873547504e+00
2.154068851062923340e+00
2.153795968792427296e+00
2.153523276755256344e+00
2.153250774645433019e+00
2.152978462157803641e+00
2.152706338988033874e+00
2.152434404832605619e+00
2.152162659388814792e+00
2.151891102354767771e+00
2.151619733429378289e+00
2.151348552312364326e+00
2.151077558704245885e+00
2.150806752306340552e+00
2.150536132820761726e+00
2.150265699950415055e+00
2.149995453398995782e+00
2.149725392870985630e+00
2.149455518071649252e+00
2.149185828707032453e+00
2.148916324483959084e+00
2.148647005110027042e+00
2.148377870293606495e+00
2.148108919743836331e+00
2.147840153170621935e+00
2.147571570284632525e+00
2.147303170797296712e+00
2.147034954420801611e+00
2.146766920868089290e+00
2.146499069852853214e+00
2.146231401089536917e+00
2.145963914293330443e+00
2.145696609180167247e+00
2.145429485466721964e+00
2.145162542870407751e+00
2.144895781109373623e+00
2.144629199902501338e+00
2.144362798969402739e+00
2.144096578030417533e+00
2.143830536806610176e+00
2.143564675019767662e+00
2.143298992392396851e+00
2.143033488647721363e+00
2.142768163509678914e+00
2.142503016702919538e+00
2.142238047952802482e+00
2.141973256985393537e+00
2.141708643527462819e+00
2.141444207306482106e+00
2.141179948050621729e+00
2.140915865488748793e+00
2.140651959350424516e+00
2.140388229365901118e+00
2.140124675266120935e+00
2.139861296782711531e+00
2.139598093647985699e+00
2.139335065594937024e+00
2.139072212357238545e+00
2.138809533669240093e+00
2.138547029265965627e+00
2.138284698883111012e+00
2.138022542257041803e+00
2.137760559124791016e+00
2.137498749224055583e+00
2.137237112293195462e+00
2.136975648071230083e+00
2.136714356297837458e+00
2.136453236713349746e+00
2.136192289058752802e+00
2.135931513075683519e+00
2.135670908506426269e+00
2.135410475093912464e+00
2.135150212581717000e+00
2.134890120714056039e+00
2.134630199235785231e+00
2.134370447892397493e+00
2.134110866430020348e+00
2.133851454595413699e+00
2.133592212135968502e+00
2.133333138799703210e+00
2.133074234335261998e+00
2.132815498491913875e+00
2.132556931019548685e+00
2.132298531668675334e+00
2.132040300190420901e+00
2.131782236336527081e+00
2.131524339859348416e+00
2.131266610511850512e+00
2.131009048047607379e+00
2.130751652220800096e+00
2.130494422786214148e+00
2.130237359499237204e+00
2.129980462115856898e+00
2.129723730392659942e+00
2.129467164086828568e+00
2.129210762956139646e+00
2.128954526758961574e+00
2.128698455254253386e+00
2.128442548201561646e+00
2.128186805361019118e+00
2.127931226493342098e+00
2.127675811359829972e+00
2.127420559722360771e+00
2.127165471343391623e+00
2.126910545985954748e+00
2.126655783413657019e+00
2.126401183390677296e+00
2.126146745681764649e+00
2.125892470052236138e+00
2.125638356267975482e+00
2.125384404095430391e+00
2.125130613301610794e+00
2.124876983654087947e+00
2.124623514920990885e+00
2.124370206871005973e+00
2.124117059273373798e+00
2.123864071897888728e+00
2.123611244514895802e+00
2.123358576895289396e+00
2.123106068810511449e+00
2.122853720032549241e+00
2.122601530333933617e+00
2.122349499487737656e+00
2.122097627267574449e+00
2.121845913447595322e+00
2.121594357802488062e+00
2.121342960107475140e+00
2.121091720138312375e+00
2.120840637671285833e+00
2.120589712483211375e+00
2.120338944351432442e+00
2.120088333053818719e+00
2.119837878368763029e+00
2.119587580075181332e+00
2.119337437952510061e+00
2.119087451780704345e+00
2.118837621340236232e+00
2.118587946412093803e+00
2.118338426777778505e+00
2.118089062219303820e+00
2.117839852519193489e+00
2.117590797460480623e+00
2.117341896826704151e+00
2.117093150401909707e+00
2.116844557970645191e+00
2.116596119317961655e+00
2.116347834229409752e+00
2.116099702491039292e+00
2.115851723889397018e+00
2.115603898211525280e+00
2.115356225244960253e+00
2.115108704777730164e+00
2.114861336598353958e+00
2.114614120495839966e+00
2.114367056259683242e+00
2.114120143679865116e+00
2.113873382546850976e+00
2.113626772651589381e+00
2.113380313785509834e+00
2.113134005740521015e+00
2.112887848309009886e+00
2.112641841283839916e+00
2.112395984458349751e+00
2.112150277626350992e+00
2.111904720582127304e+00
2.111659313120433090e+00
2.111414055036490822e+00
2.111168946125991042e+00
2.110923986185089252e+00
2.110679175010406361e+00
2.110434512399025131e+00
2.110189998148490620e+00
2.109945632056807074e+00
2.109701413922437485e+00
2.109457343544301811e+00
2.109213420721775201e+00
2.108969645254686665e+00
2.108726016943318626e+00
2.108482535588404261e+00
2.108239200991126161e+00
2.107996012953115450e+00
2.107752971276450005e+00
2.107510075763653568e+00
2.107267326217693526e+00
2.107024722441979581e+00
2.106782264240363300e+00
2.106539951417135903e+00
2.106297783777026922e+00
2.106055761125202874e+00
2.105813883267266373e+00
2.105572150009253907e+00
2.105330561157634950e+00
2.105089116519310632e+00
2.104847815901612407e+00
2.104606659112300715e+00
2.104365645959563214e+00
2.104124776252013884e+00
2.103884049798691702e+00
2.103643466409059304e+00
2.103403025893000766e+00
2.103162728060822051e+00
2.102922572723247896e+00
2.102682559691422259e+00
2.102442688776904767e+00
2.102202959791672043e+00
2.101963372548114162e+00
2.101723926859034641e+00
2.101484622537648672e+00
2.101245459397582671e+00
2.101006437252871173e+00
2.100767555917957718e+00
2.100528815207692190e+00
2.100290214937329480e+00
2.100051754922529934e+00
2.099813434979355797e+00
2.099575254924271217e+00
2.099337214574141353e+00
2.099099313746230600e+00
2.098861552258200813e+00
2.098623929928111309e+00
2.098386446574417086e+00
2.098149102015967049e+00
2.097911896072003124e+00
2.097674828562160254e+00
2.097437899306463294e+00
2.097201108125327007e+00
2.096964454839554737e+00
2.096727939270336627e+00
2.096491561239249179e+00
2.096255320568254366e+00
2.096019217079696961e+00
2.095783250596304548e+00
2.095547420941186179e+00
2.095311727937831048e+00
2.095076171410108046e+00
2.094840751182263094e+00
2.094605467078919592e+00
2.094370318925076635e+00
2.094135306546107245e+00
2.093900429767758364e+00
2.093665688416148640e+00
2.093431082317768865e+00
2.093196611299478871e+00
2.092962275188507970e+00
2.092728073812453182e+00
2.092494006999278344e+00
2.092260074577312778e+00
2.092026276375250404e+00
2.091792612222148851e+00
2.091559081947427234e+00
2.091325685380867050e+00
2.091092422352609059e+00
2.090859292693153737e+00
2.090626296233359493e+00
2.090393432804441787e+00
2.090160702237971790e+00
2.089928104365875505e+00
2.089695639020432871e+00
2.089463306034276435e+00
2.089231105240390907e+00
2.088999036472111381e+00
2.088767099563122898e+00
2.088535294347458660e+00
2.088303620659499593e+00
2.088072078333973014e+00
2.087840667205952183e+00
2.087609387110854975e+00
2.087378237884442100e+00
2.087147219362817552e+00
2.086916331382425938e+00
2.086685573780053371e+00
2.086454946392824805e+00
2.086224449058203589e+00
2.085994081613991025e+00
2.085763843898324588e+00
2.085533735749677486e+00
2.085303757006857328e+00
2.085073907509005231e+00
2.084844187095595380e+00
2.084614595606433252e+00
2.084385132881655167e+00
2.084155798761726963e+00
2.083926593087443546e+00
2.083697515699927116e+00
2.083468566440627168e+00
2.083239745151319156e+00
2.083011051674103165e+00
2.082782485851403464e+00
2.082554047525967178e+00
2.082325736540863836e+00
2.082097552739484492e+00
2.081869495965539940e+00
2.081641566063060278e+00
2.081413762876394902e+00
2.081186086250209843e+00
2.080958536029488215e+00
2.080731112059528876e+00
2.080503814185945100e+00
2.080276642254664576e+00
2.080049596111928079e+00
2.079822675604287685e+00
2.079595880578607670e+00
2.079369210882062280e+00
2.079142666362134850e+00
2.078916246866617801e+00
2.078689952243610861e+00
2.078463782341520627e+00
2.078237737009060115e+00
2.078011816095246544e+00
2.077786019449402222e+00
2.077560346921152767e+00
2.077334798360425339e+00
2.077109373617449517e+00
2.076884072542755533e+00
2.076658894987173820e+00
2.076433840801832797e+00
2.076208909838160643e+00
2.075984101947881744e+00
2.075759416983017580e+00
2.075534854795884954e+00
2.075310415239095985e+00
2.075086098165556781e+00
2.074861903428466547e+00
2.074637830881317146e+00
2.074413880377891317e+00
2.074190051772263566e+00
2.073966344918797500e+00
2.073742759672146274e+00
2.073519295887251257e+00
2.073295953419341586e+00
2.073072732123932838e+00
2.072849631856827024e+00
2.072626652474110376e+00
2.072403793832154228e+00
2.072181055787613246e+00
2.071958438197424979e+00
2.071735940918808527e+00
2.071513563809264546e+00
2.071291306726573911e+00
2.071069169528797271e+00
2.070847152074274167e+00
2.070625254221622136e+00
2.070403475829735829e+00
2.070181816757787008e+00
2.069960276865222770e+00
2.069738856011765549e+00
2.069517554057411335e+00
2.069296370862430567e+00
2.069075306287366356e+00
2.068854360193033148e+00
2.068633532440516731e+00
2.068412822891174230e+00
2.068192231406631887e+00
2.067971757848785064e+00
2.067751402079797352e+00
2.067531163962100127e+00
2.067311043358391665e+00
2.067091040131636248e+00
2.066871154145063283e+00
2.066651385262167295e+00
2.066431733346706601e+00
2.066212198262702415e+00
2.065992779874438856e+00
