3.643272562508972801e+00
3.641722867814033648e+00
3.640175845520437825e+00
3.638631483752870821e+00
3.637089770726394722e+00
3.635550694745479205e+00
3.634014244203046307e+00
3.632480407579528503e+00
3.630949173441939681e+00
3.629420530442958537e+00
3.627894467320024408e+00
3.626370972894446432e+00
3.624850036070522918e+00
3.623331645834674042e+00
3.621815791254586525e+00
3.620302461478367650e+00
3.618791645733713036e+00
3.617283333327083739e+00
3.615777513642895791e+00
3.614274176142719508e+00
3.612773310364488566e+00
3.611274905921722400e+00
3.609778952502755711e+00
3.608285439869978628e+00
3.606794357859089306e+00
3.605305696378352742e+00
3.603819445407872468e+00
3.602335594998868018e+00
3.600854135272965717e+00
3.599375056421496133e+00
3.597898348704799965e+00
3.596424002451545920e+00
3.594952008058053483e+00
3.593482355987627219e+00
3.592015036769897751e+00
3.590550041000172499e+00
3.589087359338793082e+00
3.587626982510502494e+00
3.586168901303818490e+00
3.584713106570416308e+00
3.583259589224517594e+00
3.581808340242288224e+00
3.580359350661243223e+00
3.578912611579658787e+00
3.577468114155992307e+00
3.576025849608307272e+00
3.574585809213709275e+00
3.573147984307784686e+00
3.571712366284048201e+00
3.570278946593397951e+00
3.568847716743575482e+00
3.567418668298633300e+00
3.565991792878407729e+00
3.564567082157999778e+00
3.563144527867261324e+00
3.561724121790287079e+00
3.560305855764913652e+00
3.558889721682223062e+00
3.557475711486053793e+00
3.556063817172516295e+00
3.554654030789516028e+00
3.553246344436279180e+00
3.551840750262886814e+00
3.550437240469813460e+00
3.549035807307469703e+00
3.547636443075753210e+00
3.546239140123601530e+00
3.544843890848552448e+00
3.543450687696309220e+00
3.542059523160308476e+00
3.540670389781297001e+00
3.539283280146909405e+00
3.537898186891254237e+00
3.536515102694501866e+00
3.535134020282478140e+00
3.533754932426263817e+00
3.532377831941796664e+00
3.531002711689478879e+00
3.529629564573789402e+00
3.528258383542899779e+00
3.526889161588294908e+00
3.525521891744397340e+00
3.524156567088196912e+00
3.522793180738883478e+00
3.521431725857483652e+00
3.520072195646502866e+00
3.518714583349569214e+00
3.517358882251084395e+00
3.516005085675874220e+00
3.514653186988847544e+00
3.513303179594655212e+00
3.511955056937355213e+00
3.510608812500079612e+00
3.509264439804706370e+00
3.507921932411535160e+00
3.506581283918964065e+00
3.505242487963172948e+00
3.503905538217808591e+00
3.502570428393673385e+00
3.501237152238416694e+00
3.499905703536231538e+00
3.498576076107552169e+00
3.497248263808756530e+00
3.495922260531870496e+00
3.494598060204276546e+00
3.493275656788425110e+00
3.491955044281548126e+00
3.490636216715376605e+00
3.489319168155861295e+00
3.488003892702894682e+00
3.486690384490037875e+00
3.485378637684249270e+00
3.484068646485616316e+00
3.482760405127089065e+00
3.481453907874218601e+00
3.480149149024895916e+00
3.478846122909094785e+00
3.477544823888617298e+00
3.476245246356841623e+00
3.474947384738471534e+00
3.473651233489290835e+00
3.472356787095916886e+00
3.471064040075559909e+00
3.469772986975783180e+00
3.468483622374265440e+00
3.467195940878565974e+00
3.465909937125892792e+00
3.464625605782871709e+00
3.463342941545318965e+00
3.462061939138015632e+00
3.460782593314483790e+00
3.459504898856765820e+00
3.458228850575205904e+00
3.456954443308232872e+00
3.455681671922144815e+00
3.454410531310898147e+00
3.453141016395895768e+00
3.451873122125779680e+00
3.450606843476224483e+00
3.449342175449732206e+00
3.448079113075431135e+00
3.446817651408875527e+00
3.445557785531845774e+00
3.444299510552153443e+00
3.443042821603445880e+00
3.441787713845013919e+00
3.440534182461600476e+00
3.439282222663212263e+00
3.438031829684932372e+00
3.436782998786734211e+00
3.435535725253298533e+00
3.434290004393830920e+00
3.433045831541882364e+00
3.431803202055169866e+00
3.430562111315401008e+00
3.429322554728097217e+00
3.428084527722421004e+00
3.426848025751004556e+00
3.425613044289778752e+00
3.424379578837804861e+00
3.423147624917107112e+00
3.421917178072507948e+00
3.420688233871463257e+00
3.419460787903900290e+00
3.418234835782056891e+00
3.417010373140321189e+00
3.415787395635074386e+00
3.414565898944533551e+00
3.413345878768597519e+00
3.412127330828692351e+00
3.410910250867619009e+00
3.409694634649402811e+00
3.408480477959143773e+00
3.407267776602868725e+00
3.406056526407383434e+00
3.404846723220128268e+00
3.403638362909033876e+00
3.402431441362377740e+00
3.401225954488642511e+00
3.400021898216376570e+00
3.398819268494053691e+00
3.397618061289936264e+00
3.396418272591938070e+00
3.395219898407489278e+00
3.394022934763401889e+00
3.392827377705736946e+00
3.391633223299672650e+00
3.390440467629374233e+00
3.389249106797862954e+00
3.388059136926889092e+00
3.386870554156804936e+00
3.385683354646436882e+00
3.384497534572962429e+00
3.383313090131784495e+00
3.382130017536410183e+00
3.380948313018328211e+00
3.379767972826887679e+00
3.378588993229178605e+00
3.377411370509914246e+00
3.376235100971312519e+00
3.375060180932979659e+00
3.373886606731794302e+00
3.372714374721792918e+00
3.371543481274057008e+00
3.370373922776598974e+00
3.369205695634251541e+00
3.368038796268556734e+00
3.366873221117655302e+00
3.365708966636179245e+00
3.364546029295143015e+00
3.363384405581836045e+00
3.362224091999717057e+00
3.361065085068308367e+00
3.359907381323092856e+00
3.358750977315409170e+00
3.357595869612348682e+00
3.356442054796655139e+00
3.355289529466622511e+00
3.354138290235995967e+00
3.352988333733871507e+00
3.351839656604597817e+00
3.350692255507679462e+00
3.349546127117678740e+00
3.348401268124120644e+00
3.347257675231396945e+00
3.346115345158672927e+00
3.344974274639791911e+00
3.343834460423183774e+00
3.342695899271772131e+00
3.341558587962883298e+00
3.340422523288154810e+00
3.339287702053446605e+00
3.338154121078751313e+00
3.337021777198105443e+00
3.335890667259501896e+00
3.334760788124803366e+00
3.333632136669654855e+00
3.332504709783398855e+00
3.331378504368990967e+00
3.330253517342913749e+00
3.329129745635095006e+00
3.328007186188823407e+00
3.326885835960667226e+00
3.325765691920391731e+00
3.324646751050879256e+00
3.323529010348047930e+00
3.322412466820772181e+00
3.321297117490803696e+00
3.320182959392693700e+00
3.319069989573713464e+00
3.317958205093778368e+00
3.316847603025371072e+00
3.315738180453465578e+00
3.314629934475450401e+00
3.313522862201055741e+00
3.312416960752277983e+00
3.311312227263306429e+00
3.310208658880449573e+00
3.309106252762063161e+00
3.308005006078478250e+00
3.306904916011929263e+00
3.305805979756483381e+00
3.304708194517969932e+00
3.303611557513911112e+00
3.302516065973452264e+00
3.301421717137293044e+00
3.300328508257619475e+00
3.299236436598036448e+00
3.298145499433499328e+00
3.297055694050249119e+00
3.295967017745744965e+00
3.294879467828598418e+00
3.293793041618509498e+00
3.292707736446200073e+00
3.291623549653352132e+00
3.290540478592541174e+00
3.289458520627175808e+00
3.288377673131432921e+00
3.287297933490195945e+00
3.286219299098993574e+00
3.285141767363938037e+00
3.284065335701663813e+00
3.282990001539267677e+00
3.281915762314248308e+00
3.280842615474446777e+00
3.279770558477987930e+00
3.278699588793221320e+00
3.277629703898662150e+00
3.276560901282935312e+00
3.275493178444715436e+00
3.274426532892672714e+00
3.273360962145413833e+00
3.272296463731427796e+00
3.271233035189028637e+00
3.270170674066300798e+00
3.269109377921044057e+00
3.268049144320718913e+00
3.266989970842392843e+00
3.265931855072686130e+00
3.264874794607718567e+00
3.263818787053056170e+00
3.262763830023659217e+00
3.261709921143829849e+00
3.260657058047159662e+00
3.259605238376478642e+00
3.258554459783804091e+00
3.257504719930290005e+00
3.256456016486175997e+00
3.255408347130738456e+00
3.254361709552239468e+00
3.253316101447878861e+00
3.252271520523744019e+00
3.251227964494761924e+00
3.250185431084650745e+00
3.249143918025871880e+00
3.248103423059582440e+00
3.247063943935587726e+00
3.246025478412295051e+00
3.244988024256665771e+00
3.243951579244169992e+00
3.242916141158740828e+00
3.241881707792727774e+00
3.240848276946851847e+00
3.239815846430161184e+00
3.238784414059985295e+00
3.237753977661891547e+00
3.236724535069640751e+00
3.235696084125142757e+00
3.234668622678414263e+00
3.233642148587534404e+00
3.232616659718603014e+00
3.231592153945696655e+00
3.230568629150827764e+00
3.229546083223902020e+00
3.228524514062675710e+00
3.227503919572716207e+00
3.226484297667359336e+00
3.225465646267669406e+00
3.224447963302397469e+00
3.223431246707941789e+00
3.222415494428308325e+00
3.221400704415069427e+00
3.220386874627326534e+00
3.219374003031668430e+00
3.218362087602133936e+00
3.217351126320172394e+00
3.216341117174606357e+00
3.215332058161592066e+00
3.214323947284582150e+00
3.213316782554287432e+00
3.212310561988640067e+00
3.211305283612756689e+00
3.210300945458900213e+00
3.209297545566444310e+00
3.208295081981836105e+00
3.207293552758560651e+00
3.206292955957104951e+00
3.205293289644921106e+00
3.204294551896392562e+00
3.203296740792797248e+00
3.202299854422273384e+00
3.201303890879784841e+00
3.200308848267086059e+00
3.199314724692687406e+00
3.198321518271821873e+00
3.197329227126411322e+00
3.196337849385031404e+00
3.195347383182879142e+00
3.194357826661740063e+00
3.193369177969954009e+00
3.192381435262383160e+00
3.191394596700379171e+00
3.190408660451750755e+00
3.189423624690731707e+00
3.188439487597948485e+00
3.187456247360389128e+00
3.186473902171370387e+00
3.185492450230508421e+00
3.184511889743685487e+00
3.183532218923019741e+00
3.182553435986835488e+00
3.181575539159631205e+00
3.180598526672050230e+00
3.179622396760849234e+00
3.178647147668869355e+00
3.177672777645005997e+00
3.176699284944179968e+00
3.175726667827306393e+00
3.174754924561266733e+00
3.173784053418879925e+00
3.172814052678872176e+00
3.171844920625849884e+00
3.170876655550269430e+00
3.169909255748410981e+00
3.168942719522347851e+00
3.167977045179920292e+00
3.167012231034706637e+00
3.166048275405997092e+00
3.165085176618764429e+00
3.164122933003638227e+00
3.163161542896876455e+00
3.162201004640339708e+00
3.161241316581463678e+00
3.160282477073232510e+00
3.159324484474152595e+00
3.158367337148226817e+00
3.157411033464926575e+00
3.156455571799168247e+00
3.155500950531285653e+00
3.154547168047004746e+00
3.153594222737418296e+00
3.152642112998961021e+00
3.151690837233382947e+00
3.150740393847725862e+00
3.149790781254298011e+00
3.148841997870649223e+00
3.147894042119545599e+00
3.146946912428946419e+00
3.146000607231979274e+00
3.145055124966915194e+00
3.144110464077146005e+00
3.143166623011159455e+00
3.142223600222515678e+00
3.141281394169824548e+00
3.140340003316720363e+00
3.139399426131840087e+00
3.138459661088800257e+00
3.137520706666173442e+00
3.136582561347464715e+00
3.135645223621089883e+00
3.134708691980353290e+00
3.133772964923423832e+00
3.132838040953314529e+00
3.131903918577858104e+00
3.130970596309686549e+00
3.130038072666209370e+00
3.129106346169590047e+00
3.128175415346726496e+00
3.127245278729227529e+00
3.126315934853392875e+00
3.125387382260191416e+00
3.124459619495239870e+00
3.123532645108781924e+00
3.122606457655666912e+00
3.121681055695329388e+00
3.120756437791768256e+00
3.119832602513527231e+00
3.118909548433672185e+00
3.117987274129772501e+00
3.117065778183881086e+00
3.116145059182513055e+00
3.115225115716626636e+00
3.114305946381602741e+00
3.113387549777225871e+00
3.112469924507664132e+00
3.111553069181449249e+00
3.110636982411457918e+00
3.109721662814892262e+00
3.108807109013260739e+00
3.107893319632359042e+00
3.106980293302250562e+00
3.106068028657247737e+00
3.105156524335894730e+00
3.104245778980946557e+00
3.103335791239351771e+00
3.102426559762234248e+00
3.101518083204874543e+00
3.100610360226690787e+00
3.099703389491222261e+00
3.098797169666110296e+00
3.097891699423080514e+00
3.096986977437925059e+00
3.096083002390484840e+00
3.095179772964631759e+00
3.094277287848251845e+00
3.093375545733227039e+00
3.092474545315418322e+00
3.091574285294648394e+00
3.090674764374684802e+00
3.089775981263222615e+00
3.088877934671867109e+00
3.087980623316117779e+00
3.087084045915350572e+00
3.086188201192802794e+00
3.085293087875554896e+00
3.084398704694514937e+00
3.083505050384401702e+00
3.082612123683728722e+00
3.081719923334788280e+00
3.080828448083634541e+00
3.079937696680068449e+00
3.079047667877621297e+00
3.078158360433539187e+00
3.077269773108766593e+00
3.076381904667930822e+00
3.075494753879327803e+00
3.074608319514904764e+00
3.073722600350245582e+00
3.072837595164555680e+00
3.071953302740646485e+00
3.071069721864920332e+00
3.070186851327355360e+00
3.069304689921490414e+00
3.068423236444410396e+00
3.067542489696731156e+00
3.066662448482584402e+00
3.065783111609604372e+00
3.064904477888911405e+00
3.064026546135098616e+00
3.063149315166217690e+00
3.062272783803763332e+00
3.061396950872659506e+00
3.060521815201246110e+00
3.059647375621263432e+00
3.058773630967838830e+00
3.057900580079472519e+00
3.057028221798024248e+00
3.056156554968699091e+00
3.055285578440032790e+00
3.054415291063879323e+00
3.053545691695396691e+00
3.052676779193034040e+00
3.051808552418517007e+00
3.050941010236834838e+00
3.050074151516227960e+00
3.049207975128173320e+00
3.048342479947372397e+00
3.047477664851736545e+00
3.046613528722375897e+00
3.045750070443584701e+00
3.044887288902829336e+00
3.044025182990734990e+00
3.043163751601073219e+00
3.042302993630749519e+00
3.041442907979789556e+00
3.040583493551327621e+00
3.039724749251593749e+00
3.038866673989901734e+00
3.038009266678635356e+00
3.037152526233237726e+00
3.036296451572197963e+00
3.035441041617039648e+00
3.034586295292308389e+00
3.033732211525559386e+00
3.032878789247345885e+00
3.032026027391207190e+00
3.031173924893656668e+00
3.030322480694170206e+00
3.029471693735174220e+00
3.028621562962033664e+00
3.027772087323040928e+00
3.026923265769403404e+00
3.026075097255233270e+00
3.025227580737535060e+00
3.024380715176194556e+00
3.023534499533967690e+00
3.022688932776468107e+00
3.021844013872157397e+00
3.020999741792333548e+00
3.020156115511118955e+00
3.019313134005450205e+00
3.018470796255066979e+00
3.017629101242500944e+00
3.016788047953065099e+00
3.015947635374842228e+00
3.015107862498674685e+00
3.014268728318153734e+00
3.013430231829608896e+00
3.012592372032097288e+00
3.011755147927392073e+00
3.010918558519973587e+00
3.010082602817017783e+00
3.009247279828385579e+00
3.008412588566613977e+00
3.007578528046904509e+00
3.006745097287112589e+00
3.005912295307739068e+00
3.005080121131917803e+00
3.004248573785407661e+00
3.003417652296580975e+00
3.002587355696414662e+00
3.001757683018478673e+00
3.000928633298928450e+00
3.000100205576492485e+00
2.999272398892464775e+00
2.998445212290693274e+00
2.997618644817571454e+00
2.996792695522028094e+00
2.995967363455517063e+00
2.995142647672008884e+00
2.994318547227980964e+00
2.993495061182407380e+00
2.992672188596749994e+00
2.991849928534949132e+00
2.991028280063413813e+00
2.990207242251013309e+00
2.989386814169066486e+00
2.988566994891334705e+00
2.987747783494010267e+00
2.986929179055708428e+00
2.986111180657459396e+00
2.985293787382697239e+00
2.984476998317251883e+00
2.983660812549341124e+00
2.982845229169559964e+00
2.982030247270872625e+00
2.981215865948604105e+00
2.980402084300430410e+00
2.979588901426371450e+00
2.978776316428780380e+00
2.977964328412336048e+00
2.977152936484034562e+00
2.976342139753179961e+00
2.975531937331376664e+00
2.974722328332520149e+00
2.973913311872788956e+00
2.973104887070635804e+00
2.972297053046780047e+00
2.971489808924198783e+00
2.970683153828118872e+00
2.969877086886008044e+00
2.969071607227567355e+00
2.968266713984722749e+00
2.967462406291617505e+00
2.966658683284603359e+00
2.965855544102232511e+00
2.965052987885250069e+00
2.964251013776585619e+00
2.963449620921346117e+00
2.962648808466807004e+00
2.961848575562404662e+00
2.961048921359728858e+00
2.960249845012515202e+00
2.959451345676636258e+00
2.958653422510094444e+00
2.957856074673015367e+00
2.957059301327638501e+00
2.956263101638310964e+00
2.955467474771478642e+00
2.954672419895679525e+00
2.953877936181536601e+00
2.953084022801748976e+00
2.952290678931085655e+00
2.951497903746377993e+00
2.950705696426511704e+00
2.949914056152419750e+00
2.949122982107076130e+00
2.948332473475486548e+00
2.947542529444683534e+00
2.946753149203717115e+00
2.945964331943649039e+00
2.945176076857544789e+00
2.944388383140467358e+00
2.943601249989469704e+00
2.942814676603587198e+00
2.942028662183831855e+00
2.941243205933184335e+00
2.940458307056587284e+00
2.939673964760938674e+00
2.938890178255084251e+00
2.938106946749811765e+00
2.937324269457843418e+00
2.936542145593829201e+00
2.935760574374340237e+00
2.934979555017861674e+00
2.934199086744786911e+00
2.933419168777410047e+00
2.932639800339919223e+00
2.931860980658390847e+00
2.931082708960782490e+00
2.930304984476926222e+00
2.929527806438522397e+00
2.928751174079132991e+00
2.927975086634175383e+00
2.927199543340915699e+00
2.926424543438462145e+00
2.925650086167759234e+00
2.924876170771581130e+00
2.924102796494525425e+00
2.923329962583007369e+00
2.922557668285251875e+00
2.921785912851289524e+00
2.921014695532949013e+00
2.920244015583851382e+00
2.919473872259403802e+00
2.918704264816793348e+00
2.917935192514980791e+00
2.917166654614695265e+00
2.916398650378427604e+00
2.915631179070424572e+00
2.914864239956682201e+00
2.914097832304940905e+00
2.913331955384679262e+00
2.912566608467107354e+00
2.911801790825161884e+00
2.911037501733499511e+00
2.910273740468491521e+00
2.909510506308218059e+00
2.908747798532462348e+00
2.907985616422704478e+00
2.907223959262116075e+00
2.906462826335554528e+00
2.905702216929557213e+00
2.904942130332336170e+00
2.904182565833771879e+00
2.903423522725408379e+00
2.902665000300447495e+00
2.901906997853742620e+00
2.901149514681793828e+00
2.900392550082742549e+00
2.899636103356365791e+00
2.898880173804069926e+00
2.898124760728887139e+00
2.897369863435467874e+00
2.896615481230077283e+00
2.895861613420588121e+00
2.895108259316477195e+00
2.894355418228818699e+00
2.893603089470279333e+00
2.892851272355112968e+00
2.892099966199156214e+00
2.891349170319822193e+00
2.890598884036095217e+00
2.889849106668526346e+00
2.889099837539228055e+00
2.888351075971868909e+00
2.887602821291668231e+00
2.886855072825391222e+00
2.886107829901344068e+00
2.885361091849369064e+00
2.884614858000838833e+00
2.883869127688651890e+00
2.883123900247227756e+00
2.882379175012501182e+00
2.881634951321918159e+00
2.880891228514431024e+00
2.880148005930492250e+00
2.879405282912051334e+00
2.878663058802548136e+00
2.877921332946909772e+00
2.877180104691544393e+00
2.876439373384337639e+00
2.875699138374646413e+00
2.874959399013295336e+00
2.874220154652571857e+00
2.873481404646220483e+00
2.872743148349439224e+00
2.872005385118874266e+00
2.871268114312615971e+00
2.870531335290193997e+00
2.869795047412571964e+00
2.869059250042143017e+00
2.868323942542726712e+00
2.867589124279562807e+00
2.866854794619306812e+00
2.866120952930026888e+00
2.865387598581197182e+00
2.864654730943695604e+00
2.863922349389797173e+00
2.863190453293171789e+00
2.862459042028877576e+00
2.861728114973358217e+00
2.860997671504437623e+00
2.860267711001315938e+00
2.859538232844564654e+00
2.858809236416123500e+00
2.858080721099294230e+00
2.857352686278737952e+00
2.856625131340470247e+00
2.855898055671856728e+00
2.855171458661608597e+00
2.854445339699779094e+00
2.853719698177759501e+00
2.852994533488272921e+00
2.852269845025372952e+00
2.851545632184437462e+00
2.850821894362164599e+00
2.850098630956570123e+00
2.849375841366981632e+00
2.848653524994035013e+00
2.847931681239670443e+00
2.847210309507128834e+00
2.846489409200946952e+00
2.845768979726953418e+00
2.845049020492265601e+00
2.844329530905284287e+00
2.843610510375690570e+00
2.842891958314441858e+00
2.842173874133767431e+00
2.841456257247164885e+00
2.840739107069396585e+00
2.840022423016484776e+00
2.839306204505708475e+00
2.838590450955599032e+00
2.837875161785936573e+00
2.837160336417746453e+00
2.836445974273294812e+00
2.835732074776085021e+00
2.835018637350854576e+00
2.834305661423569322e+00
2.833593146421422571e+00
2.832881091772828430e+00
2.832169496907420037e+00
2.831458361256045109e+00
2.830747684250762397e+00
2.830037465324837687e+00
2.829327703912740688e+00
2.828618399450140597e+00
2.827909551373902985e+00
2.827201159122086249e+00
2.826493222133937611e+00
2.825785739849889566e+00
2.825078711711556778e+00
2.824372137161731633e+00
2.823666015644381133e+00
2.822960346604643789e+00
2.822255129488825176e+00
2.821550363744395273e+00
2.820846048819984020e+00
2.820142184165379096e+00
2.819438769231521036e+00
2.818735803470500567e+00
2.818033286335555054e+00
2.817331217281064948e+00
2.816629595762550231e+00
2.815928421236667312e+00
2.815227693161205469e+00
2.814527410995083745e+00
2.813827574198346504e+00
2.813128182232161656e+00
2.812429234558816216e+00
2.811730730641712750e+00
2.811032669945367157e+00
2.810335051935404227e+00
2.809637876078555419e+00
2.808941141842654865e+00
2.808244848696635820e+00
2.807548996110527550e+00
2.806853583555453557e+00
2.806158610503625805e+00
2.805464076428343390e+00
2.804769980803988982e+00
2.804076323106024837e+00
2.803383102810990568e+00
2.802690319396499152e+00
2.801997972341234711e+00
2.801306061124948510e+00
2.800614585228455855e+00
2.799923544133633424e+00
2.799232937323416159e+00
2.798542764281793715e+00
2.797853024493807794e+00
2.797163717445548592e+00
2.796474842624152579e+00
2.795786399517798060e+00
2.795098387615703839e+00
2.794410806408124337e+00
2.793723655386348259e+00
2.793036934042694597e+00
2.792350641870509520e+00
2.791664778364164157e+00
2.790979343019051484e+00
2.790294335331582332e+00
2.789609754799184049e+00
2.788925600920295622e+00
2.788241873194366338e+00
2.787558571121852680e+00
2.786875694204214771e+00
2.786193241943913268e+00
2.785511213844407585e+00
2.784829609410152340e+00
2.784148428146594245e+00
2.783467669560169444e+00
2.782787333158301291e+00
2.782107418449396796e+00
2.781427924942843966e+00
2.780748852149008687e+00
2.780070199579232515e+00
2.779391966745829556e+00
2.778714153162083811e+00
2.778036758342246060e+00
2.777359781801532090e+00
2.776683223056118255e+00
2.776007081623140138e+00
2.775331357020689893e+00
2.774656048767812244e+00
2.773981156384502711e+00
2.773306679391704499e+00
2.772632617311306724e+00
2.771958969666140415e+00
2.771285735979977183e+00
2.770612915777524776e+00
2.769940508584426198e+00
2.769268513927256592e+00
2.768596931333519695e+00
2.767925760331646057e+00
2.767255000450990821e+00
2.766584651221829727e+00
2.765914712175357781e+00
2.765245182843686145e+00
2.764576062759839914e+00
2.763907351457755013e+00
2.763239048472275972e+00
2.762571153339153263e+00
2.761903665595040636e+00
2.761236584777492897e+00
2.760569910424963691e+00
2.759903642076801944e+00
2.759237779273250091e+00
2.758572321555441409e+00
2.757907268465397799e+00
2.757242619546027118e+00
2.756578374341120519e+00
2.755914532395350225e+00
2.755251093254266870e+00
2.754588056464297718e+00
2.753925421572742671e+00
2.753263188127773820e+00
2.752601355678431894e+00
2.751939923774624042e+00
2.751278891967121165e+00
2.750618259807556143e+00
2.749958026848420722e+00
2.749298192643064187e+00
2.748638756745689804e+00
2.747979718711353492e+00
2.747321078095960267e+00
2.746662834456263358e+00
2.746004987349861093e+00
2.745347536335194238e+00
2.744690480971544666e+00
2.744033820819031799e+00
2.743377555438611282e+00
2.742721684392072756e+00
2.742066207242036757e+00
2.741411123551953377e+00
2.740756432886099159e+00
2.740102134809574874e+00
2.739448228888304637e+00
2.738794714689031906e+00
2.738141591779318151e+00
2.737488859727540191e+00
2.736836518102888860e+00
2.736184566475365898e+00
2.735533004415782177e+00
2.734881831495755034e+00
2.734231047287706495e+00
2.733580651364861502e+00
2.732930643301244800e+00
2.732281022671679604e+00
2.731631789051784498e+00
2.730982942017972537e+00
2.730334481147448145e+00
2.729686406018205336e+00
2.729038716209025495e+00
2.728391411299475600e+00
2.727744490869905114e+00
2.727097954501445098e+00
2.726451801776005990e+00
2.725806032276274049e+00
2.725160645585711361e+00
2.724515641288552281e+00
2.723871018969801661e+00
2.723226778215233512e+00
2.722582918611388347e+00
2.721939439745570954e+00
2.721296341205848179e+00
2.720653622581048481e+00
2.720011283460757490e+00
2.719369323435318009e+00
2.718727742095826905e+00
2.718086539034133775e+00
2.717445713842838728e+00
2.716805266115289719e+00
2.716165195445581215e+00
2.715525501428552424e+00
2.714886183659785068e+00
2.714247241735601612e+00
2.713608675253062152e+00
2.712970483809964417e+00
2.712332667004840214e+00
2.711695224436954543e+00
2.711058155706302486e+00
2.710421460413608763e+00
2.709785138160325069e+00
2.709149188548627407e+00
2.708513611181415648e+00
2.707878405662310861e+00
2.707243571595653098e+00
2.706609108586500057e+00
2.705975016240625308e+00
2.705341294164516075e+00
2.704707941965371010e+00
2.704074959251099752e+00
2.703442345630318933e+00
2.702810100712352614e+00
2.702178224107228299e+00
2.701546715425677370e+00
2.700915574279130649e+00
2.700284800279718844e+00
