2.836504754719491039e+00
2.834813968296433284e+00
2.833127148996452238e+00
2.831444275616880724e+00
2.829765327145899789e+00
2.828090282760119312e+00
2.826419121822199454e+00
2.824751823878510315e+00
2.823088368656829328e+00
2.821428736064075515e+00
2.819772906184079719e+00
2.818120859275393020e+00
2.816472575769126685e+00
2.814828036266828537e+00
2.813187221538393512e+00
2.811550112520004419e+00
2.809916690312108667e+00
2.808286936177423421e+00
2.806660831538974055e+00
2.805038357978163255e+00
2.803419497232867652e+00
2.801804231195566874e+00
2.800192541911499244e+00
2.798584411576846787e+00
2.796979822536948213e+00
2.795378757284537663e+00
2.793781198458012316e+00
2.792187128839724863e+00
2.790596531354301746e+00
2.789009389066987143e+00
2.787425685182011392e+00
2.785845403040984269e+00
2.784268526121311815e+00
2.782695038034636248e+00
2.781124922525300747e+00
2.779558163468833776e+00
2.777994744870458721e+00
2.776434650863623066e+00
2.774877865708551106e+00
2.773324373790815311e+00
2.771774159619930344e+00
2.770227207827967497e+00
2.768683503168186455e+00
2.767143030513690594e+00
2.765605774856097820e+00
2.764071721304232732e+00
2.762540855082836977e+00
2.761013161531296944e+00
2.759488626102390540e+00
2.757967234361050846e+00
2.756448971983147089e+00
2.754933824754283833e+00
2.753421778568615252e+00
2.751912819427677181e+00
2.750406933439234702e+00
2.748904106816146165e+00
2.747404325875241415e+00
2.745907577036218239e+00
2.744413846820550784e+00
2.742923121850415313e+00
2.741435388847627941e+00
2.739950634632601023e+00
2.738468846123308431e+00
2.736990010334268586e+00
2.735514114375539929e+00
2.734041145451730159e+00
2.732571090861017460e+00
2.731103937994186825e+00
2.729639674333676602e+00
2.728178287452641015e+00
2.726719765014022023e+00
2.725264094769634493e+00
2.723811264559263812e+00
2.722361262309775043e+00
2.720914076034232743e+00
2.719469693831034540e+00
2.718028103883052715e+00
2.716589294456790427e+00
2.715153253901545494e+00
2.713719970648587498e+00
2.712289433210343770e+00
2.710861630179597359e+00
2.709436550228692564e+00
2.708014182108754664e+00
2.706594514648914540e+00
2.705177536755547507e+00
2.703763237411519693e+00
2.702351605675443302e+00
2.700942630680943424e+00
2.699536301635930613e+00
2.698132607821886797e+00
2.696731538593155619e+00
2.695333083376245664e+00
2.693937231669139010e+00
2.692543973040610883e+00
2.691153297129554645e+00
2.689765193644318320e+00
2.688379652362047789e+00
2.686996663128037532e+00
2.685616215855088917e+00
2.684238300522878262e+00
2.682862907177331113e+00
2.681490025930003629e+00
2.680119646957472845e+00
2.678751760500732271e+00
2.677386356864596806e+00
2.676023426417113882e+00
2.674662959588981259e+00
2.673304946872971488e+00
2.671949378823364363e+00
2.670596246055385592e+00
2.669245539244651244e+00
2.667897249126619741e+00
2.666551366496049180e+00
2.665207882206463097e+00
2.663866787169619776e+00
2.662528072354989561e+00
2.661191728789237487e+00
2.659857747555711693e+00
2.658526119793938491e+00
2.657196836699122766e+00
2.655869889521654592e+00
2.654545269566620291e+00
2.653222968193319709e+00
2.651902976814789703e+00
2.650585286897332526e+00
2.649269889960048641e+00
2.647956777574376641e+00
2.646645941363636290e+00
2.645337373002578207e+00
2.644031064216938898e+00
2.642727006782997989e+00
2.641425192527144805e+00
2.640125613325445375e+00
2.638828261103216555e+00
2.637533127834605917e+00
2.636240205542173420e+00
2.634949486296479293e+00
2.633660962215676360e+00
2.632374625465107254e+00
2.631090468256905179e+00
2.629808482849599560e+00
2.628528661547724798e+00
2.627250996701435248e+00
2.625975480706123744e+00
2.624702106002042790e+00
2.623430865073931528e+00
2.622161750450645368e+00
2.620894754704791385e+00
2.619629870452365950e+00
2.618367090352396787e+00
2.617106407106589039e+00
2.615847813458974436e+00
2.614591302195564904e+00
2.613336866144010173e+00
2.612084498173257607e+00
2.610834191193216025e+00
2.609585938154424856e+00
2.608339732047724180e+00
2.607095565903929657e+00
2.605853432793510116e+00
2.604613325826269588e+00
2.603375238151031557e+00
2.602139162955327212e+00
2.600905093465086360e+00
2.599673022944331002e+00
2.598442944694873802e+00
2.597214852056017875e+00
2.595988738404261476e+00
2.594764597153003560e+00
2.593542421752253802e+00
2.592322205688344816e+00
2.591103942483647948e+00
2.589887625696291718e+00
2.588673248919882486e+00
2.587460805783228679e+00
2.586250289950068115e+00
2.585041695118796223e+00
2.583835015022199588e+00
2.582630243427189942e+00
2.581427374134541708e+00
2.580226400978632650e+00
2.579027317827185861e+00
2.577830118581014851e+00
2.576634797173772640e+00
2.575441347571700401e+00
2.574249763773380550e+00
2.573060039809492050e+00
2.571872169742567937e+00
2.570686147666754628e+00
2.569501967707574774e+00
2.568319624021691450e+00
2.567139110796674561e+00
2.565960422250770367e+00
2.564783552632671881e+00
2.563608496221293720e+00
2.562435247325546062e+00
2.561263800284113490e+00
2.560094149465235169e+00
2.558926289266485021e+00
2.557760214114558117e+00
2.556595918465054851e+00
2.555433396802270440e+00
2.554272643638983986e+00
2.553113653516251080e+00
2.551956421003198194e+00
2.550800940696818397e+00
2.549647207221768852e+00
2.548495215230170974e+00
2.547344959401412368e+00
2.546196434441950096e+00
2.545049635085115725e+00
2.543904556090923030e+00
2.542761192245876600e+00
2.541619538362782649e+00
2.540479589280561612e+00
2.539341339864061631e+00
2.538204785003875141e+00
2.537069919616156355e+00
2.535936738642440513e+00
2.534805237049464477e+00
2.533675409828989089e+00
2.532547251997623761e+00
2.531420758596652387e+00
2.530295924691860154e+00
2.529172745373362119e+00
2.528051215755434455e+00
2.526931330976345702e+00
2.525813086198190671e+00
2.524696476606724804e+00
2.523581497411201191e+00
2.522468143844208033e+00
2.521356411161508326e+00
2.520246294641879992e+00
2.519137789586958220e+00
2.518030891321079601e+00
2.516925595191126241e+00
2.515821896566372118e+00
2.514719790838332081e+00
2.513619273420608646e+00
2.512520339748744114e+00
2.511422985280071352e+00
2.510327205493566360e+00
2.509232995889703499e+00
2.508140351990309824e+00
2.507049269338422981e+00
2.505959743498147763e+00
2.504871770054517111e+00
2.503785344613350450e+00
2.502700462801116466e+00
2.501617120264795879e+00
2.500535312671745558e+00
2.499455035709562623e+00
2.498376285085951665e+00
2.497299056528591965e+00
2.496223345785006487e+00
2.495149148622429980e+00
2.494076460827681530e+00
2.493005278207035769e+00
2.491935596586094981e+00
2.490867411809664755e+00
2.489800719741627866e+00
2.488735516264820369e+00
2.487671797280909480e+00
2.486609558710271006e+00
2.485548796491869439e+00
2.484489506583137608e+00
2.483431684959857222e+00
2.482375327616042515e+00
2.481320430563822566e+00
2.480266989833324942e+00
2.479215001472562463e+00
2.478164461547316844e+00
2.477115366141028119e+00
2.476067711354680956e+00
2.475021493306694076e+00
2.473976708132809676e+00
2.472933351985984185e+00
2.471891421036280345e+00
2.470850911470758415e+00
2.469811819493370919e+00
2.468774141324855176e+00
2.467737873202629828e+00
2.466703011380690036e+00
2.465669552129503561e+00
2.464637491735909514e+00
2.463606826503015323e+00
2.462577552750097265e+00
2.461549666812499648e+00
2.460523165041535787e+00
2.459498043804388967e+00
2.458474299484015635e+00
2.457451928479048586e+00
2.456430927203699710e+00
2.455411292087666286e+00
2.454393019576034174e+00
2.453376106129186329e+00
2.452360548222708214e+00
2.451346342347295870e+00
2.450333485008663992e+00
2.449321972727455332e+00
2.448311802039150109e+00
2.447302969493977187e+00
2.446295471656823928e+00
2.445289305107149591e+00
2.444284466438896963e+00
2.443280952260405758e+00
2.442278759194326021e+00
2.441277883877533750e+00
2.440278322961045632e+00
2.439280073109934222e+00
2.438283131003245785e+00
2.437287493333915922e+00
2.436293156808688742e+00
2.435300118148034709e+00
2.434308374086069815e+00
2.433317921370474313e+00
2.432328756762414557e+00
2.431340877036462622e+00
2.430354278980518590e+00
2.429368959395731942e+00
2.428384915096424734e+00
2.427402142910014771e+00
2.426420639676938773e+00
2.425440402250578220e+00
2.424461427497182520e+00
2.423483712295795733e+00
2.422507253538182415e+00
2.421532048128753445e+00
2.420558092984494980e+00
2.419585385034893843e+00
2.418613921221868246e+00
2.417643698499694072e+00
2.416674713834936483e+00
2.415706964206377982e+00
2.414740446604950019e+00
2.413775158033662827e+00
2.412811095507537473e+00
2.411848256053537920e+00
2.410886636710502184e+00
2.409926234529076616e+00
2.408967046571648840e+00
2.408009069912280697e+00
2.407052301636644298e+00
2.406096738841954963e+00
2.405142378636907718e+00
2.404189218141612905e+00
2.403237254487531782e+00
2.402286484817413470e+00
2.401336906285232775e+00
2.400388516056127131e+00
2.399441311306333979e+00
2.398495289223130378e+00
2.397550447004771712e+00
2.396606781860429969e+00
2.395664291010135560e+00
2.394722971684715151e+00
2.393782821125734372e+00
2.392843836585437423e+00
2.391906015326688895e+00
2.390969354622916487e+00
2.390033851758052386e+00
2.389099504026476417e+00
2.388166308732958765e+00
2.387234263192603567e+00
2.386303364730792964e+00
2.385373610683132028e+00
2.384444998395392368e+00
2.383517525223457501e+00
2.382591188533268678e+00
2.381665985700770705e+00
2.380741914111857316e+00
2.379818971162319663e+00
2.378897154257790802e+00
2.377976460813694626e+00
2.377056888255193456e+00
2.376138434017136092e+00
2.375221095544004957e+00
2.374304870289866809e+00
2.373389755718320338e+00
2.372475749302446424e+00
2.371562848524757960e+00
2.370651050877149668e+00
2.369740353860848803e+00
2.368830754986365417e+00
2.367922251773444398e+00
2.367014841751016618e+00
2.366108522457150531e+00
2.365203291439004651e+00
2.364299146252780037e+00
2.363396084463672775e+00
2.362494103645827348e+00
2.361593201382290008e+00
2.360693375264963034e+00
2.359794622894557214e+00
2.358896941880548326e+00
2.358000329841130061e+00
2.357104784403170061e+00
2.356210303202164624e+00
2.355316883882194734e+00
2.354424524095881655e+00
2.353533221504342965e+00
2.352642973777149482e+00
2.351753778592281741e+00
2.350865633636086471e+00
2.349978536603234414e+00
2.349092485196678570e+00
2.348207477127611131e+00
2.347323510115421730e+00
2.346440581887656140e+00
2.345558690179974981e+00
2.344677832736112411e+00
2.343798007307835718e+00
2.342919211654904910e+00
2.342041443545031409e+00
2.341164700753839867e+00
2.340288981064826856e+00
2.339414282269321799e+00
2.338540602166448767e+00
2.337667938563086079e+00
2.336796289273828542e+00
2.335925652120948826e+00
2.335056024934359264e+00
2.334187405551573669e+00
2.333319791817669575e+00
2.332453181585251389e+00
2.331587572714412637e+00
2.330722963072698661e+00
2.329859350535071094e+00
2.328996732983869666e+00
2.328135108308777568e+00
2.327274474406784144e+00
2.326414829182149813e+00
2.325556170546370094e+00
2.324698496418140525e+00
2.323841804723320692e+00
2.322986093394900475e+00
2.322131360372964970e+00
2.321277603604659401e+00
2.320424821044155372e+00
2.319573010652616674e+00
2.318722170398165972e+00
2.317872298255849728e+00
2.317023392207606669e+00
2.316175450242233147e+00
2.315328470355350277e+00
2.314482450549372405e+00
2.313637388833472919e+00
2.312793283223552265e+00
2.311950131742206871e+00
2.311107932418695388e+00
2.310266683288908052e+00
2.309426382395335153e+00
2.308587027787035062e+00
2.307748617519603140e+00
2.306911149655140658e+00
2.306074622262224594e+00
2.305239033415876104e+00
2.304404381197530771e+00
2.303570663695007958e+00
2.302737879002480614e+00
2.301906025220445517e+00
2.301075100455693967e+00
2.300245102821281584e+00
2.299416030436499447e+00
2.298587881426844337e+00
2.297760653923990759e+00
2.296934346065760746e+00
2.296108955996096324e+00
2.295284481865030646e+00
2.294460921828659572e+00
2.293638274049113246e+00
2.292816536694529006e+00
2.291995707939022964e+00
2.291175785962662026e+00
2.290356768951437250e+00
2.289538655097236308e+00
2.288721442597815514e+00
2.287905129656774061e+00
2.287089714483526492e+00
2.286275195293276052e+00
2.285461570306988488e+00
2.284648837751365402e+00
2.283836995858818497e+00
2.283026042867442484e+00
2.282215977020990216e+00
2.281406796568846929e+00
2.280598499766004483e+00
2.279791084873035167e+00
2.278984550156067268e+00
2.278178893886760648e+00
2.277374114342279654e+00
2.276570209805270029e+00
2.275767178563833593e+00
2.274965018911504266e+00
2.274163729147222313e+00
2.273363307575311243e+00
2.272563752505453394e+00
2.271765062252665945e+00
2.270967235137276941e+00
2.270170269484902192e+00
2.269374163626420415e+00
2.268578915897950576e+00
2.267784524640829247e+00
2.266990988201586177e+00
2.266198304931922536e+00
2.265406473188686487e+00
2.264615491333851427e+00
2.263825357734493338e+00
2.263036070762768137e+00
2.262247628795889476e+00
2.261460030216105643e+00
2.260673273410678696e+00
2.259887356771861366e+00
2.259102278696876187e+00
2.258318037587892402e+00
2.257534631852005536e+00
2.256752059901215191e+00
2.255970320152404618e+00
2.255189411027318069e+00
2.254409330952540369e+00
2.253630078359476485e+00
2.252851651684329326e+00
2.252074049368079756e+00
2.251297269856466166e+00
2.250521311599963159e+00
2.249746173053761567e+00
2.248971852677748018e+00
2.248198348936484514e+00
2.247425660299188888e+00
2.246653785239714374e+00
2.245882722236529627e+00
2.245112469772699626e+00
2.244343026335864799e+00
2.243574390418222375e+00
2.242806560516507286e+00
2.242039535131971739e+00
2.241273312770366566e+00
2.240507891941922125e+00
2.239743271161329652e+00
2.238979448947721718e+00
2.238216423824653134e+00
2.237454194320083189e+00
2.236692758966356553e+00
2.235932116300184624e+00
2.235172264862627323e+00
2.234413203199074882e+00
2.233654929859229199e+00
2.232897443397086956e+00
2.232140742370919639e+00
2.231384825343257550e+00
2.230629690880870264e+00
2.229875337554750647e+00
2.229121763940096201e+00
2.228368968616291301e+00
2.227616950166890319e+00
2.226865707179600751e+00
2.226115238246264560e+00
2.225365541962842642e+00
2.224616616929396162e+00
2.223868461750071024e+00
2.223121075033080096e+00
2.222374455390687231e+00
2.221628601439189055e+00
2.220883511798900312e+00
2.220139185094135659e+00
2.219395619953194121e+00
2.218652815008343104e+00
2.217910768895801077e+00
2.217169480255722025e+00
2.216428947732179466e+00
2.215689169973150463e+00
2.214950145630499190e+00
2.214211873359960947e+00
2.213474351821127950e+00
2.212737579677432009e+00
2.212001555596129432e+00
2.211266278248285921e+00
2.210531746308760592e+00
2.209797958456191758e+00
2.209064913372979611e+00
2.208332609745272901e+00
2.207601046262953393e+00
2.206870221619620320e+00
2.206140134512575735e+00
2.205410783642809847e+00
2.204682167714985930e+00
2.203954285437426108e+00
2.203227135522095814e+00
2.202500716684590465e+00
2.201775027644119476e+00
2.201050067123493381e+00
2.200325833849108736e+00
2.199602326550933462e+00
2.198879543962493521e+00
2.198157484820857821e+00
2.197436147866625777e+00
2.196715531843911329e+00
2.195995635500330945e+00
2.195276457586987640e+00
2.194557996858459870e+00
2.193840252072785102e+00
2.193123221991448712e+00
2.192406905379368443e+00
2.191691301004881964e+00
2.190976407639733559e+00
2.190262224059060348e+00
2.189548749041378528e+00
2.188835981368571382e+00
2.188123919825875507e+00
2.187412563201867943e+00
2.186701910288452400e+00
2.185991959880847268e+00
2.185282710777572301e+00
2.184574161780435730e+00
2.183866311694521833e+00
2.183159159328178500e+00
2.182452703493003465e+00
2.181746943003832762e+00
2.181041876678728286e+00
2.180337503338964922e+00
2.179633821809017658e+00
2.178930830916550487e+00
2.178228529492403975e+00
2.177526916370581489e+00
2.176825990388239429e+00
2.176125750385673463e+00
2.175426195206306978e+00
2.174727323696679537e+00
2.174029134706434441e+00
2.173331627088307183e+00
2.172634799698113461e+00
2.171938651394738073e+00
2.171243181040122483e+00
2.170548387499253717e+00
2.169854269640152378e+00
2.169160826333861980e+00
2.168468056454436521e+00
2.167775958878929821e+00
2.167084532487383974e+00
2.166393776162818252e+00
2.165703688791217552e+00
2.165014269261521296e+00
2.164325516465612331e+00
2.163637429298306714e+00
2.162950006657341717e+00
2.162263247443364733e+00
2.161577150559923943e+00
2.160891714913455441e+00
2.160206939413273464e+00
2.159522822971560174e+00
2.158839364503354563e+00
2.158156562926541344e+00
2.157474417161840741e+00
2.156792926132797827e+00
2.156112088765772761e+00
2.155431903989929232e+00
2.154752370737225142e+00
2.154073487942401943e+00
2.153395254542973536e+00
2.152717669479217832e+00
2.152040731694164322e+00
2.151364440133586076e+00
2.150688793745988203e+00
2.150013791482598524e+00
2.149339432297357799e+00
2.148665715146908628e+00
2.147992638990587011e+00
2.147320202790411692e+00
2.146648405511074831e+00
2.145977246119931348e+00
2.145306723586990483e+00
2.144636836884904696e+00
2.143967584988961672e+00
2.143298966877073664e+00
2.142630981529768164e+00
2.141963627930178582e+00
2.141296905064034917e+00
2.140630811919653986e+00
2.139965347487930103e+00
2.139300510762326635e+00
2.138636300738865792e+00
2.137972716416120189e+00
2.137309756795202187e+00
2.136647420879756343e+00
2.135985707675950085e+00
2.135324616192464386e+00
2.134664145440484440e+00
2.134004294433690774e+00
2.133345062188251262e+00
2.132686447722810907e+00
2.132028450058484292e+00
2.131371068218845810e+00
2.130714301229921226e+00
2.130058148120179240e+00
2.129402607920522161e+00
2.128747679664278358e+00
2.128093362387192933e+00
2.127439655127418838e+00
2.126786556925508886e+00
2.126134066824407309e+00
2.125482183869441322e+00
2.124830907108312239e+00
2.124180235591087484e+00
2.123530168370192595e+00
2.122880704500402338e+00
2.122231843038832722e+00
2.121583583044932997e+00
2.120935923580477223e+00
2.120288863709556271e+00
2.119642402498568945e+00
2.118996539016215763e+00
2.118351272333489188e+00
2.117706601523666077e+00
2.117062525662300576e+00
2.116419043827214796e+00
2.115776155098492151e+00
2.115133858558468916e+00
2.114492153291726684e+00
2.113851038385084369e+00
2.113210512927590656e+00
2.112570576010515566e+00
2.111931226727344235e+00
2.111292464173768035e+00
2.110654287447677913e+00
2.110016695649155505e+00
2.109379687880467369e+00
2.108743263246055655e+00
2.108107420852531888e+00
2.107472159808668977e+00
2.106837479225394549e+00
2.106203378215782518e+00
2.105569855895046416e+00
2.104936911380531850e+00
2.104304543791709836e+00
2.103672752250168365e+00
2.103041535879606183e+00
2.102410893805825243e+00
2.101780825156723598e+00
2.101151329062288742e+00
2.100522404654589614e+00
2.099894051067770828e+00
2.099266267438043787e+00
2.098639052903681357e+00
2.098012406605010316e+00
2.097386327684404694e+00
2.096760815286278667e+00
2.096135868557079007e+00
2.095511486645279753e+00
2.094887668701373773e+00
2.094264413877867437e+00
2.093641721329273064e+00
2.093019590212102266e+00
2.092398019684858834e+00
2.091777008908033864e+00
2.091156557044096420e+00
2.090536663257489547e+00
2.089917326714621826e+00
2.089298546583861604e+00
2.088680322035530779e+00
2.088062652241897688e+00
2.087445536377170896e+00
2.086828973617492533e+00
2.086212963140932519e+00
2.085597504127481461e+00
2.084982595759045321e+00
2.084368237219437425e+00
2.083754427694373579e+00
2.083141166371465403e+00
2.082528452440214117e+00
2.081916285092004326e+00
2.081304663520097353e+00
2.080693586919625915e+00
2.080083054487587457e+00
2.079473065422837941e+00
2.078863618926086065e+00
2.078254714199887498e+00
2.077646350448637769e+00
2.077038526878567382e+00
2.076431242697735602e+00
2.075824497116023792e+00
2.075218289345130529e+00
2.074612618598564495e+00
2.074007484091639597e+00
2.073402885041469190e+00
2.072798820666959418e+00
2.072195290188803440e+00
2.071592292829476545e+00
2.070989827813229933e+00
2.070387894366084947e+00
2.069786491715826848e+00
2.069185619091999939e+00
2.068585275725901340e+00
2.067985460850576107e+00
2.067386173700810570e+00
2.066787413513127891e+00
2.066189179525780961e+00
2.065591470978748401e+00
2.064994287113728788e+00
2.064397627174133554e+00
2.063801490405083872e+00
2.063205876053403554e+00
2.062610783367614165e+00
2.062016211597929694e+00
2.061422159996251224e+00
2.060828627816160719e+00
2.060235614312917019e+00
2.059643118743449630e+00
2.059051140366353394e+00
2.058459678441883600e+00
2.057868732231951103e+00
2.057278301000115661e+00
2.056688384011582382e+00
2.056098980533195508e+00
2.055510089833433973e+00
2.054921711182405186e+00
2.054333843851840591e+00
2.053746487115090780e+00
2.053159640247120166e+00
2.052573302524501653e+00
2.051987473225411751e+00
2.051402151629626136e+00
2.050817337018513431e+00
2.050233028675031655e+00
2.049649225883722004e+00
2.049065927930704856e+00
2.048483134103673553e+00
2.047900843691891737e+00
2.047319055986185798e+00
2.046737770278942214e+00
2.046156985864100886e+00
2.045576702037152472e+00
2.044996918095131289e+00
2.044417633336612194e+00
2.043838847061704822e+00
2.043260558572049579e+00
2.042682767170812319e+00
2.042105472162680346e+00
2.041528672853856197e+00
2.040952368552054974e+00
2.040376558566498577e+00
2.039801242207911258e+00
2.039226418788514739e+00
2.038652087622023767e+00
2.038078248023642125e+00
2.037504899310056850e+00
2.036932040799435573e+00
2.036359671811419414e+00
2.035787791667121205e+00
2.035216399689118827e+00
2.034645495201452103e+00
2.034075077529617470e+00
2.033505146000563979e+00
2.032935699942688856e+00
2.032366738685833507e+00
2.031798261561278185e+00
2.031230267901738440e+00
2.030662757041360234e+00
2.030095728315715942e+00
2.029529181061799914e+00
2.028963114618024033e+00
2.028397528324213717e+00
2.027832421521603923e+00
2.027267793552833819e+00
2.026703643761944118e+00
2.026139971494370862e+00
2.025576776096943199e+00
2.025014056917878502e+00
2.024451813306777037e+00
2.023890044614619743e+00
2.023328750193763348e+00
2.022767929397935038e+00
2.022207581582230240e+00
2.021647706103107733e+00
2.021088302318385210e+00
2.020529369587235724e+00
2.019970907270183691e+00
2.019412914729100006e+00
2.018855391327199378e+00
2.018298336429035889e+00
2.017741749400497664e+00
2.017185629608805097e+00
2.016629976422505521e+00
2.016074789211469653e+00
2.015520067346887600e+00
2.014965810201264418e+00
2.014412017148417888e+00
2.013858687563472749e+00
2.013305820822858028e+00
2.012753416304302601e+00
2.012201473386832085e+00
2.011649991450763952e+00
2.011098969877704423e+00
2.010548408050544467e+00
2.009998305353456693e+00
2.009448661171890471e+00
2.008899474892569259e+00
2.008350745903486168e+00
2.007802473593899961e+00
2.007254657354332839e+00
2.006707296576565103e+00
2.006160390653632497e+00
2.005613938979821764e+00
2.005067940950667982e+00
2.004522395962950121e+00
2.003977303414687938e+00
2.003432662705137979e+00
2.002888473234790467e+00
2.002344734405364868e+00
2.001801445619807662e+00
2.001258606282287467e+00
2.000716215798192366e+00
2.000174273574125916e+00
1.999632779017903816e+00
1.999091731538550576e+00
1.998551130546295962e+00
1.998010975452571225e+00
1.997471265670005991e+00
1.996932000612424485e+00
1.996393179694842868e+00
1.995854802333464573e+00
1.995316867945678307e+00
1.994779375950053391e+00
1.994242325766337309e+00
1.993705716815451723e+00
1.993169548519489354e+00
1.992633820301711101e+00
1.992098531586541821e+00
1.991563681799567664e+00
1.991029270367532522e+00
1.990495296718334695e+00
1.989961760281024006e+00
1.989428660485798028e+00
1.988895996763998975e+00
1.988363768548110588e+00
1.987831975271755036e+00
1.987300616369689132e+00
1.986769691277801675e+00
1.986239199433110336e+00
1.985709140273757667e+00
1.985179513239008875e+00
1.984650317769248051e+00
1.984121553305975505e+00
1.983593219291803988e+00
1.983065315170456255e+00
1.982537840386761285e+00
1.982010794386651842e+00
1.981484176617160919e+00
1.980957986526418635e+00
1.980432223563649785e+00
1.979906887179169850e+00
1.979381976824382550e+00
1.978857491951776737e+00
1.978333432014923288e+00
1.977809796468472214e+00
1.977286584768149336e+00
1.976763796370753834e+00
1.976241430734154703e+00
1.975719487317288081e+00
1.975197965580154147e+00
1.974676864983814450e+00
1.974156184990388585e+00
1.973635925063051522e+00
1.973116084666030723e+00
1.972596663264603034e+00
1.972077660325092019e+00
1.971559075314864629e+00
1.971040907702328981e+00
1.970523156956931032e+00
1.970005822549151686e+00
1.969488903950504133e+00
1.968972400633531183e+00
1.968456312071802161e+00
1.967940637739910237e+00
1.967425377113469320e+00
1.966910529669111840e+00
1.966396094884485191e+00
1.965882072238249734e+00
1.965368461210075468e+00
1.964855261280639809e+00
1.964342471931624035e+00
1.963830092645711511e+00
1.963318122906584140e+00
1.962806562198920357e+00
1.962295410008391583e+00
1.961784665821660445e+00
1.961274329126377447e+00
1.960764399411178305e+00
1.960254876165681948e+00
1.959745758880486965e+00
1.959237047047169389e+00
1.958728740158280246e+00
1.958220837707342676e+00
1.957713339188849266e+00
1.957206244098259385e+00
1.956699551931996739e+00
1.956193262187447157e+00
1.955687374362955033e+00
1.955181887957821552e+00
1.954676802472301800e+00
