1.935929125205872459e-01
1.945079268301937725e-01
1.954203266476757239e-01
1.963301260484391075e-01
1.972373389933195498e-01
1.981419793298205834e-01
1.990440607933357531e-01
1.999435970083547343e-01
2.008406014896537695e-01
2.017350876434705342e-01
2.026270687686638206e-01
2.035165580578580935e-01
2.044035685985731710e-01
2.052881133743393871e-01
2.061702052657982676e-01
2.070498570517889103e-01
2.079270814104205167e-01
2.088018909201310169e-01
2.096742980607320950e-01
2.105443152144408081e-01
2.114119546668980221e-01
2.122772286081737458e-01
2.131401491337597265e-01
2.140007282455493320e-01
2.148589778528049166e-01
2.157149097731130283e-01
2.165685357333273775e-01
2.174198673704999252e-01
2.182689162328002308e-01
2.191156937804231708e-01
2.199602113864852215e-01
2.208024803379095014e-01
2.216425118362997104e-01
2.224803169988031626e-01
2.233159068589629370e-01
2.241492923675595939e-01
2.249804843934421483e-01
2.258094937243489697e-01
2.266363310677184106e-01
2.274610070514893334e-01
2.282835322248919219e-01
2.291039170592285568e-01
2.299221719486452542e-01
2.307383072108935562e-01
2.315523330880830954e-01
2.323642597474249727e-01
2.331740972819660584e-01
2.339818557113144404e-01
2.347875449823558780e-01
2.355911749699617364e-01
2.363927554776883433e-01
2.371922962384677980e-01
2.379898069152905637e-01
2.387852971018798176e-01
2.395787763233577228e-01
2.403702540369036800e-01
2.411597396324048070e-01
2.419472424330985916e-01
2.427327716962078830e-01
2.435163366135684737e-01
2.442979463122490758e-01
2.450776098551641635e-01
2.458553362416793786e-01
2.466311344082099677e-01
2.474050132288121706e-01
2.481769815157675585e-01
2.489470480201607938e-01
2.497152214324503128e-01
2.504815103830326795e-01
2.512459234428001120e-01
2.520084691236919028e-01
2.527691558792389825e-01
2.535279921051026286e-01
2.542849861396067057e-01
2.550401462642639672e-01
2.557934807042961389e-01
2.565449976291482304e-01
2.572947051529967943e-01
2.580426113352526363e-01
2.587887241810575834e-01
2.595330516417755917e-01
2.602756016154786356e-01
2.610163819474267122e-01
2.617554004305425730e-01
2.624926648058812928e-01
2.632281827630942317e-01
2.639619619408881679e-01
2.646940099274790459e-01
2.654243342610406731e-01
2.661529424301485869e-01
2.668798418742188150e-01
2.676050399839419169e-01
2.683285441017121409e-01
2.690503615220518618e-01
2.697704994920313570e-01
2.704889652116840293e-01
2.712057658344169675e-01
2.719209084674169552e-01
2.726344001720524268e-01
2.733462479642705389e-01
2.740564588149903003e-01
2.747650396504912051e-01
2.754719973527978705e-01
2.761773387600603424e-01
2.768810706669304067e-01
2.775831998249337351e-01
2.782837329428382578e-01
2.789826766870183161e-01
2.796800376818152079e-01
2.803758225098935686e-01
2.810700377125943117e-01
2.817626897902835159e-01
2.824537852026978157e-01
2.831433303692860171e-01
2.838313316695472710e-01
2.845177954433653622e-01
2.852027279913399438e-01
2.858861355751138866e-01
2.865680244176974090e-01
2.872484007037888754e-01
2.879272705800920429e-01
2.886046401556301988e-01
2.892805155020569119e-01
2.899549026539636198e-01
2.906278076091841633e-01
2.912992363290958786e-01
2.919691947389179143e-01
2.926376887280062733e-01
2.933047241501458569e-01
2.939703068238396222e-01
2.946344425325947425e-01
2.952971370252057692e-01
2.959583960160350746e-01
2.966182251852902962e-01
2.972766301792989507e-01
2.979336166107806050e-01
2.985891900591158277e-01
2.992433560706127538e-01
2.998961201587708736e-01
3.005474878045422127e-01
3.011974644565897918e-01
3.018460555315436999e-01
3.024932664142544469e-01
3.031391024580438742e-01
3.037835689849535115e-01
3.044266712859906021e-01
3.050684146213715198e-01
3.057088042207630196e-01
3.063478452835208254e-01
3.069855429789261625e-01
3.076219024464197926e-01
3.082569287958337179e-01
3.088906271076208299e-01
3.095230024330821172e-01
3.101540597945917632e-01
3.107838041858200784e-01
3.114122405719542686e-01
3.120393738899168712e-01
3.126652090485824154e-01
3.132897509289918059e-01
3.139130043845645979e-01
3.145349742413093841e-01
3.151556652980320172e-01
3.157750823265420004e-01
3.163932300718567681e-01
3.170101132524040799e-01
3.176257365602225824e-01
3.182401046611602613e-01
3.188532221950712287e-01
3.194650937760105114e-01
3.200757239924270636e-01
3.206851174073549471e-01
3.212932785586027906e-01
3.219002119589412514e-01
3.225059220962890327e-01
3.231104134338969036e-01
3.237136904105301638e-01
3.243157574406493326e-01
3.249166189145892836e-01
3.255162791987363802e-01
3.261147426357045020e-01
3.267120135445089613e-01
3.273080962207390865e-01
3.279029949367291419e-01
3.284967139417276916e-01
3.290892574620654099e-01
3.296806297013213372e-01
3.302708348404875816e-01
3.308598770381326881e-01
3.314477604305633429e-01
3.320344891319846892e-01
3.326200672346591447e-01
3.332044988090638316e-01
3.337877879040466178e-01
3.343699385469806051e-01
3.349509547439173951e-01
3.355308404797389676e-01
3.361095997183080053e-01
3.366872364026171072e-01
3.372637544549366151e-01
3.378391577769609411e-01
3.384134502499538399e-01
3.389866357348922388e-01
3.395587180726089560e-01
3.401297010839338664e-01
3.406995885698341775e-01
3.412683843115531523e-01
3.418360920707477768e-01
3.424027155896253172e-01
3.429682585910783232e-01
3.435327247788189653e-01
3.440961178375116503e-01
3.446584414329049162e-01
3.452196992119619390e-01
3.457798948029899844e-01
3.463390318157688053e-01
3.468971138416777622e-01
3.474541444538220003e-01
3.480101272071573493e-01
3.485650656386144464e-01
3.491189632672215271e-01
3.496718235942262165e-01
3.502236501032164329e-01
3.507744462602400692e-01
3.513242155139237322e-01
3.518729612955904251e-01
3.524206870193763996e-01
3.529673960823467294e-01
3.535130918646101073e-01
3.540577777294327544e-01
3.546014570233510521e-01
3.551441330762834525e-01
3.556858092016415007e-01
3.562264886964398025e-01
3.567661748414049927e-01
3.573048709010840374e-01
3.578425801239513704e-01
3.583793057425153084e-01
3.589150509734235772e-01
3.594498190175677843e-01
3.599836130601873352e-01
3.605164362709720738e-01
3.610482918041644784e-01
3.615791827986608031e-01
3.621091123781113863e-01
3.626380836510202377e-01
3.631660997108436262e-01
3.636931636360881126e-01
3.642192784904075276e-01
3.647444473226993389e-01
3.652686731672000753e-01
3.657919590435802504e-01
3.663143079570381211e-01
3.668357228983929463e-01
3.673562068441775796e-01
3.678757627567298960e-01
3.683943935842839967e-01
3.689121022610603595e-01
3.694288917073552669e-01
3.699447648296296798e-01
3.704597245205971667e-01
3.709737736593115009e-01
3.714869151112530909e-01
3.719991517284150784e-01
3.725104863493886032e-01
3.730209217994474025e-01
3.735304608906317436e-01
3.740391064218316908e-01
3.745468611788697055e-01
3.750537279345826369e-01
3.755597094489029897e-01
3.760648084689396931e-01
3.765690277290580368e-01
3.770723699509591076e-01
3.775748378437585595e-01
3.780764341040648291e-01
3.785771614160566845e-01
3.790770224515600528e-01
3.795760198701246257e-01
3.800741563190993544e-01
3.805714344337077781e-01
3.810678568371225761e-01
3.815634261405396188e-01
3.820581449432512988e-01
3.825520158327194720e-01
3.830450413846477886e-01
3.835372241630534695e-01
3.840285667203384157e-01
3.845190715973598738e-01
3.850087413235007139e-01
3.854975784167388175e-01
3.859855853837161899e-01
3.864727647198075711e-01
3.869591189091883265e-01
3.874446504249020040e-01
3.879293617289272800e-01
3.884132552722444620e-01
3.888963334949013806e-01
3.893785988260788922e-01
3.898600536841559383e-01
3.903407004767739386e-01
3.908205416009007949e-01
3.912995794428944518e-01
3.917778163785659018e-01
3.922552547732418571e-01
3.927318969818267558e-01
3.932077453488643792e-01
3.936828022085992473e-01
3.941570698850370702e-01
3.946305506920051998e-01
3.951032469332124708e-01
3.955751609023085424e-01
3.960462948829427954e-01
3.965166511488230627e-01
3.969862319637734727e-01
3.974550395817921800e-01
3.979230762471087646e-01
3.983903441942408530e-01
3.988568456480505731e-01
3.993225828238006203e-01
3.997875579272097690e-01
4.002517731545081059e-01
4.007152306924917085e-01
4.011779327185771571e-01
4.016398814008553808e-01
4.021010788981453365e-01
4.025615273600472444e-01
4.030212289269953785e-01
4.034801857303104144e-01
4.039383998922516095e-01
4.043958735260685389e-01
4.048526087360522219e-01
4.053086076175863028e-01
4.057638722571973999e-01
4.062184047326055647e-01
4.066722071127739646e-01
4.071252814579585100e-01
4.075776298197569814e-01
4.080292542411578238e-01
4.084801567565886082e-01
4.089303393919642149e-01
4.093798041647344621e-01
4.098285530839317903e-01
4.102765881502181688e-01
4.107239113559320032e-01
4.111705246851344309e-01
4.116164301136555626e-01
4.120616296091403341e-01
4.125061251310938593e-01
4.129499186309266157e-01
4.133930120519994089e-01
4.138354073296677260e-01
4.142771063913260887e-01
4.147181111564519629e-01
4.151584235366493347e-01
4.155980454356919540e-01
4.160369787495665217e-01
4.164752253665152115e-01
4.169127871670782470e-01
4.173496660241359790e-01
4.177858638029505745e-01
4.182213823612078718e-01
4.186562235490583483e-01
4.190903892091581984e-01
4.195238811767101894e-01
4.199567012795038523e-01
4.203888513379557268e-01
4.208203331651493295e-01
4.212511485668745670e-01
4.216812993416672595e-01
4.221107872808481098e-01
4.225396141685614504e-01
4.229677817818138785e-01
4.233952918905125595e-01
4.238221462575031406e-01
4.242483466386076651e-01
4.246738947826618760e-01
4.250987924315526856e-01
4.255230413202550355e-01
4.259466431768687555e-01
4.263695997226550349e-01
4.267919126720727263e-01
4.272135837328143171e-01
4.276346146058417341e-01
4.280550069854220374e-01
4.284747625591625031e-01
4.288938830080458731e-01
4.293123700064651604e-01
4.297302252222581775e-01
4.301474503167421748e-01
4.305640469447477026e-01
4.309800167546527505e-01
4.313953613884163873e-01
4.318100824816122341e-01
4.322241816634618261e-01
4.326376605568676426e-01
4.330505207784458577e-01
4.334627639385590925e-01
4.338743916413486668e-01
4.342854054847670175e-01
4.346958070606094515e-01
4.351055979545461749e-01
4.355147797461536574e-01
4.359233540089461623e-01
4.363313223104067773e-01
4.367386862120185009e-01
4.371454472692949400e-01
4.375516070318108963e-01
4.379571670432328423e-01
4.383621288413488415e-01
4.387664939580988577e-01
4.391702639196042868e-01
4.395734402461977108e-01
4.399760244524522079e-01
4.403780180472106065e-01
4.407794225336146288e-01
4.411802394091335899e-01
4.415804701655932085e-01
4.419801162892039170e-01
4.423791792605893392e-01
4.427776605548142674e-01
4.431755616414128074e-01
4.435728839844159666e-01
4.439696290423792990e-01
4.443657982684104391e-01
4.447613931101961349e-01
4.451564150100295603e-01
4.455508654048370709e-01
4.459447457262050163e-01
4.463380574004062740e-01
4.467308018484266174e-01
4.471229804859910839e-01
4.475145947235900090e-01
4.479056459665047840e-01
4.482961356148338350e-01
4.486860650635181025e-01
4.490754357023664656e-01
4.494642489160811105e-01
4.498525060842825107e-01
4.502402085815345179e-01
4.506273577773691197e-01
4.510139550363111427e-01
4.514000017179026769e-01
4.517854991767274453e-01
4.521704487624351176e-01
4.525548518197652359e-01
4.529387096885712505e-01
4.533220237038441680e-01
4.537047951957361991e-01
4.540870254895842950e-01
4.544687159059334070e-01
4.548498677605597451e-01
4.552304823644937048e-01
4.556105610240429593e-01
4.559901050408151080e-01
4.563691157117402697e-01
4.567475943290936757e-01
4.571255421805179853e-01
4.575029605490455453e-01
4.578798507131203732e-01
4.582562139466202500e-01
4.586320515188784253e-01
4.590073646947054886e-01
4.593821547344106859e-01
4.597564228938235131e-01
4.601301704243149771e-01
4.605033985728188561e-01
4.608761085818526837e-01
4.612483016895385646e-01
4.616199791296242139e-01
4.619911421315034405e-01
4.623617919202367976e-01
4.627319297165719547e-01
4.631015567369640706e-01
4.634706741935959995e-01
4.638392832943983302e-01
4.642073852430692593e-01
4.645749812390945199e-01
4.649420724777671987e-01
4.653086601502071096e-01
4.656747454433804445e-01
4.660403295401190915e-01
4.664054136191399524e-01
4.667699988550640389e-01
4.671340864184354569e-01
4.674976774757405029e-01
4.678607731894263155e-01
4.682233747179196381e-01
4.685854832156453598e-01
4.689470998330451668e-01
4.693082257165957505e-01
4.696688620088271815e-01
4.700290098483410062e-01
4.703886703698283434e-01
4.707478447040878700e-01
4.711065339780436956e-01
4.714647393147629595e-01
4.718224618334737608e-01
4.721797026495823668e-01
4.725364628746909768e-01
4.728927436166148746e-01
4.732485459793997484e-01
4.736038710633387883e-01
4.739587199649898386e-01
4.743130937771922739e-01
4.746669935890838743e-01
4.750204204861175339e-01
4.753733755500780811e-01
4.757258598590986542e-01
4.760778744876773549e-01
4.764294205066935128e-01
4.767804989834240614e-01
4.771311109815596363e-01
4.774812575612207843e-01
4.778309397789739510e-01
4.781801586878474120e-01
4.785289153373470383e-01
4.788772107734721728e-01
4.792250460387311173e-01
4.795724221721569536e-01
4.799193402093227534e-01
4.802658011823571771e-01
4.806118061199597391e-01
4.809573560474159071e-01
4.813024519866124784e-01
4.816470949560524017e-01
4.819912859708699315e-01
4.823350260428453939e-01
4.826783161804200639e-01
4.830211573887108756e-01
4.833635506695250217e-01
4.837054970213746641e-01
4.840469974394912001e-01
4.843880529158398618e-01
4.847286644391338717e-01
4.850688329948488753e-01
4.854085595652368745e-01
4.857478451293404942e-01
4.860866906630070261e-01
4.864250971389021405e-01
4.867630655265239858e-01
4.871005967922167890e-01
4.874376918991846774e-01
4.877743518075053353e-01
4.881105774741433811e-01
4.884463698529640796e-01
4.887817298947466083e-01
4.891166585471973804e-01
4.894511567549634234e-01
4.897852254596454791e-01
4.901188655998111598e-01
4.904520781110079941e-01
4.907848639257764711e-01
4.911172239736627532e-01
4.914491591812317761e-01
4.917806704720798505e-01
4.921117587668473736e-01
4.924424249832315970e-01
4.927726700359990053e-01
4.931024948369979177e-01
4.934319002951709776e-01
4.937608873165674206e-01
4.940894568043553980e-01
4.944176096588341895e-01
4.947453467774464708e-01
4.950726690547903042e-01
4.953995773826312399e-01
4.957260726499142511e-01
4.960521557427757244e-01
4.963778275445552279e-01
4.967030889358073353e-01
4.970279407943132832e-01
4.973523839950927949e-01
4.976764194104155159e-01
4.980000479098125599e-01
4.983232703600881663e-01
4.986460876253309693e-01
4.989685005669252660e-01
4.992905100435625632e-01
4.996121169112526239e-01
4.999333220233347364e-01
5.002541262304888159e-01
5.005745303807463964e-01
5.008945353195016770e-01
5.012141418895226241e-01
5.015333509309617410e-01
5.018521632813667255e-01
5.021705797756915723e-01
5.024886012463071205e-01
5.028062285230116002e-01
5.031234624330416239e-01
5.034403038010822895e-01
5.037567534492779497e-01
5.040728121972427589e-01
5.043884808620707760e-01
5.047037602583464011e-01
5.050186511981549220e-01
5.053331544910922846e-01
5.056472709442756397e-01
5.059610013623533353e-01
5.062743465475150195e-01
5.065873072995017434e-01
5.068998844156157313e-01
5.072120786907304835e-01
5.075238909173005464e-01
5.078353218853713935e-01
5.081463723825891954e-01
5.084570431942107005e-01
5.087673351031124502e-01
5.090772488898007708e-01
5.093867853324214323e-01
5.096959452067688634e-01
5.100047292862958104e-01
5.103131383421227740e-01
5.106211731430473355e-01
5.109288344555533712e-01
5.112361230438207116e-01
5.115430396697341342e-01
5.118495850928923563e-01
5.121557600706175828e-01
5.124615653579643881e-01
5.127670017077288200e-01
5.130720698704572813e-01
5.133767705944558557e-01
5.136811046257988567e-01
5.139850727083379311e-01
5.142886755837106083e-01
5.145919139913495144e-01
5.148947886684908104e-01
5.151973003501828519e-01
5.154994497692951816e-01
5.158012376565267454e-01
5.161026647404146628e-01
5.164037317473428867e-01
5.167044394015504194e-01
5.170047884251399717e-01
5.173047795380862901e-01
5.176044134582443723e-01
5.179036909013580159e-01
5.182026125810681449e-01
5.185011792089206928e-01
5.187993914943751506e-01
5.190972501448125609e-01
5.193947558655436225e-01
5.196919093598169059e-01
5.199887113288268470e-01
5.202851624717217405e-01
5.205812634856114007e-01
5.208770150655757103e-01
5.211724179046718364e-01
5.214674726939426685e-01
5.217621801224241462e-01
5.220565408771532523e-01
5.223505556431757846e-01
5.226442251035540165e-01
5.229375499393742466e-01
5.232305308297544588e-01
5.235231684518519835e-01
5.238154634808710464e-01
5.241074165900700965e-01
5.243990284507695776e-01
5.246902997323591444e-01
5.249812311023051015e-01
5.252718232261578413e-01
5.255620767675590610e-01
5.258519923882490898e-01
5.261415707480742165e-01
5.264308125049939058e-01
5.267197183150879036e-01
5.270082888325635651e-01
5.272965247097627373e-01
5.275844265971690872e-01
5.278719951434149849e-01
5.281592309952886088e-01
5.284461347977408296e-01
5.287327071938923151e-01
5.290189488250403027e-01
5.293048603306657052e-01
5.295904423484397716e-01
5.298756955142308600e-01
5.301606204621114316e-01
5.304452178243647120e-01
5.307294882314914641e-01
5.310134323122165378e-01
5.312970506934957537e-01
5.315803440005222313e-01
5.318633128567333834e-01
5.321459578838171334e-01
5.324282797017187985e-01
5.327102789286470852e-01
5.329919561810811945e-01
5.332733120737768173e-01
5.335543472197726844e-01
5.338350622303970061e-01
5.341154577152738003e-01
5.343955342823292209e-01
5.346752925377977750e-01
5.349547330862286509e-01
5.352338565304921580e-01
5.355126634717854994e-01
5.357911545096394335e-01
5.360693302419241579e-01
5.363471912648553053e-01
5.366247381730004928e-01
5.369019715592848740e-01
5.371788920149975777e-01
5.374555001297974810e-01
5.377317964917193160e-01
5.380077816871795537e-01
5.382834563009823992e-01
5.385588209163257867e-01
5.388338761148069311e-01
5.391086224764285451e-01
5.393830605796043898e-01
5.396571910011652706e-01
5.399310143163645881e-01
5.402045310988843330e-01
5.404777419208407485e-01
5.407506473527897706e-01
5.410232479637329117e-01
5.412955443211230344e-01
5.415675369908695691e-01
5.418392265373445094e-01
5.421106135233876300e-01
5.423816985103123711e-01
5.426524820579110564e-01
5.429229647244604440e-01
5.431931470667272777e-01
5.434630296399737270e-01
5.437326129979628275e-01
5.440018976929635874e-01
5.442708842757566501e-01
5.445395732956396229e-01
5.448079653004322953e-01
5.450760608364818571e-01
5.453438604486684493e-01
5.456113646804100492e-01
5.458785740736679104e-01
5.461454891689516700e-01
5.464121105053246774e-01
5.466784386204089907e-01
5.469444740503905944e-01
5.472102173300243955e-01
5.474756689926394415e-01
5.477408295701438057e-01
5.480056995930299157e-01
5.482702795903792170e-01
5.485345700898673904e-01
5.487985716177693485e-01
5.490622846989640093e-01
5.493257098569394037e-01
5.495888476137974488e-01
5.498516984902588334e-01
5.501142630056680138e-01
5.503765416779979880e-01
5.506385350238549581e-01
5.509002435584834378e-01
5.511616677957706933e-01
5.514228082482518500e-01
5.516836654271143336e-01
5.519442398422026441e-01
5.522045320020231296e-01
5.524645424137487604e-01
5.527242715832234587e-01
5.529837200149669840e-01
5.532428882121795954e-01
5.535017766767464931e-01
5.537603859092422587e-01
5.540187164089357408e-01
5.542767686737943844e-01
5.545345432004887831e-01
5.547920404843972308e-01
5.550492610196100518e-01
5.553062052989341524e-01
5.555628738138973510e-01
5.558192670547531522e-01
5.560753855104846322e-01
5.563312296688092129e-01
5.565868000161827700e-01
5.568420970378040735e-01
5.570971212176191179e-01
5.573518730383254516e-01
5.576063529813763964e-01
5.578605615269853768e-01
5.581144991541300282e-01
5.583681663405566376e-01
5.586215635627841403e-01
5.588746912961085611e-01
5.591275500146069000e-01
5.593801401911414617e-01
5.596324622973639640e-01
5.598845168037197562e-01
5.601363041794517050e-01
5.603878248926045247e-01
5.606390794100286623e-01
5.608900681973842950e-01
5.611407917191456596e-01
5.613912504386048274e-01
5.616414448178758123e-01
5.618913753178983450e-01
5.621410423984422033e-01
5.623904465181108758e-01
5.626395881343455585e-01
5.628884677034292627e-01
5.631370856804902569e-01
5.633854425195065074e-01
5.636335386733090091e-01
5.638813745935862265e-01
5.641289507308874240e-01
5.643762675346266633e-01
5.646233254530865775e-01
5.648701249334223684e-01
5.651166664216651370e-01
5.653629503627262132e-01
5.656089772004002647e-01
5.658547473773695158e-01
5.661002613352072999e-01
5.663455195143817233e-01
5.665905223542592184e-01
5.668352702931084286e-01
5.670797637681037617e-01
5.673240032153289425e-01
5.675679890697808982e-01
5.678117217653729787e-01
5.680552017349387306e-01
5.682984294102355616e-01
5.685414052219482928e-01
5.687841295996923785e-01
5.690266029720177920e-01
5.692688257664124674e-01
5.695107984093056297e-01
5.697525213260714594e-01
5.699939949410325335e-01
5.702352196774631565e-01
5.704761959575929131e-01
5.707169242026101097e-01
5.709574048326651052e-01
5.711976382668737529e-01
5.714376249233208416e-01
5.716773652190632049e-01
5.719168595701336066e-01
5.721561083915435164e-01
5.723951120972866624e-01
5.726338711003425841e-01
5.728723858126795188e-01
5.731106566452578432e-01
5.733486840080336266e-01
5.735864683099615169e-01
5.738240099589980714e-01
5.740613093621051988e-01
5.742983669252531564e-01
5.745351830534238813e-01
5.747717581506140982e-01
5.750080926198385400e-01
5.752441868631331667e-01
5.754800412815581634e-01
5.757156562752014928e-01
5.759510322431814489e-01
5.761861695836502095e-01
5.764210686937967232e-01
5.766557299698500394e-01
5.768901538070820845e-01
5.771243405998109921e-01
5.773582907414038790e-01
5.775920046242802863e-01
5.778254826399148447e-01
5.780587251788404934e-01
5.782917326306513672e-01
5.785245053840059049e-01
5.787570438266298467e-01
5.789893483453190104e-01
5.792214193259425103e-01
5.794532571534456444e-01
5.796848622118525585e-01
5.799162348842695769e-01
5.801473755528878673e-01
5.803782845989864381e-01
5.806089624029349139e-01
5.808394093441965333e-01
5.810696258013310356e-01
5.812996121519974357e-01
5.815293687729569116e-01
5.817588960400755793e-01
5.819881943283273795e-01
5.822172640117967424e-01
5.824461054636818069e-01
5.826747190562966416e-01
5.829031051610744640e-01
5.831312641485701942e-01
5.833591963884632303e-01
5.835869022495603353e-01
5.838143820997980793e-01
5.840416363062459482e-01
5.842686652351086751e-01
5.844954692517292383e-01
5.847220487205915251e-01
5.849484040053226641e-01
5.851745354686962441e-01
5.854004434726345352e-01
5.856261283782113747e-01
5.858515905456546102e-01
5.860768303343489860e-01
5.863018481028386963e-01
5.865266442088296062e-01
5.867512190091925817e-01
5.869755728599652667e-01
5.871997061163554132e-01
5.874236191327428802e-01
5.876473122626825196e-01
5.878707858589066193e-01
5.880940402733273453e-01
5.883170758570395176e-01
5.885398929603229412e-01
5.887624919326448492e-01
5.889848731226626777e-01
5.892070368782261758e-01
5.894289835463804028e-01
5.896507134733676159e-01
5.898722270046302674e-01
5.900935244848130035e-01
5.903146062577654396e-01
5.905354726665443810e-01
5.907561240534164870e-01
5.909765607598602699e-01
5.911967831265690920e-01
5.914167914934529424e-01
5.916365861996413233e-01
5.918561675834853597e-01
5.920755359825602415e-01
5.922946917336674444e-01
5.925136351728375050e-01
5.927323666353317977e-01
5.929508864556453096e-01
5.931691949675086395e-01
5.933872925038906621e-01
5.936051793970006374e-01
5.938228559782903204e-01
5.940403225784566255e-01
5.942575795274437356e-01
5.944746271544453231e-01
5.946914657879067700e-01
5.949080957555277216e-01
5.951245173842639735e-01
5.953407310003299147e-01
5.955567369292007474e-01
5.957725354956145969e-01
5.959881270235749540e-01
5.962035118363524511e-01
5.964186902564875270e-01
5.966336626057924253e-01
5.968484292053534146e-01
5.970629903755326762e-01
5.972773464359709683e-01
5.974914977055894028e-01
5.977054445025916651e-01
5.979191871444663464e-01
5.981327259479888303e-01
5.983460612292236247e-01
5.985591933035261381e-01
5.987721224855453439e-01
5.989848490892252242e-01
5.991973734278074337e-01
5.994096958138330766e-01
5.996218165591448157e-01
5.998337359748889819e-01
6.000454543715177946e-01
6.002569720587910274e-01
6.004682893457783388e-01
6.006794065408613825e-01
6.008903239517354722e-01
6.011010418854121351e-01
6.013115606482206665e-01
6.015218805458102391e-01
6.017320018831521233e-01
6.019419249645414638e-01
6.021516500935993887e-01
6.023611775732748974e-01
6.025705077058468584e-01
6.027796407929258971e-01
6.029885771354566160e-01
6.031973170337192602e-01
6.034058607873318270e-01
6.036142086952519525e-01
6.038223610557788001e-01
6.040303181665549470e-01
6.042380803245684939e-01
6.044456478261548416e-01
6.046530209669985778e-01
6.048602000421353653e-01
6.050671853459538285e-01
6.052739771721974416e-01
6.054805758139666372e-01
6.056869815637202503e-01
6.058931947132776275e-01
6.060992155538205139e-01
6.063050443758947194e-01
6.065106814694121162e-01
6.067161271236525266e-01
6.069213816272652773e-01
6.071264452682713086e-01
