9.227085850130827271e-01
9.227918843067236532e-01
9.228749727409865100e-01
9.229578513564700160e-01
9.230405211856492764e-01
9.231229832529636026e-01
9.232052385749029977e-01
9.232872881600937554e-01
9.233691330093827254e-01
9.234507741159201366e-01
9.235322124652418641e-01
9.236134490353501425e-01
9.236944847967932803e-01
9.237753207127442634e-01
9.238559577390785815e-01
9.239363968244505010e-01
9.240166389103687816e-01
9.240966849312710618e-01
9.241765358145974663e-01
9.242561924808631035e-01
9.243356558437295645e-01
9.244149268100757544e-01
9.244940062800672820e-01
9.245728951472256263e-01
9.246515942984957492e-01
9.247301046143130421e-01
9.248084269686696057e-01
9.248865622291794208e-01
9.249645112571427408e-01
9.250422749076098183e-01
9.251198540294434114e-01
9.251972494653808443e-01
9.252744620520952923e-01
9.253514926202560664e-01
9.254283419945881217e-01
9.255050109939310099e-01
9.255815004312969441e-01
9.256578111139280862e-01
9.257339438433535017e-01
9.258098994154446704e-01
9.258856786204709977e-01
9.259612822431543266e-01
9.260367110627225617e-01
9.261119658529632925e-01
9.261870473822758631e-01
9.262619564137235528e-01
9.263366937050848682e-01
9.264112600089038363e-01
9.264856560725402979e-01
9.265598826382190900e-01
9.266339404430790072e-01
9.267078302192208739e-01
9.267815526937551729e-01
9.268551085888491192e-01
9.269284986217729561e-01
9.270017235049460291e-01
9.270747839459820838e-01
9.271476806477340071e-01
9.272204143083382366e-01
9.272929856212583921e-01
9.273653952753285745e-01
9.274376439547961093e-01
9.275097323393635129e-01
9.275816611042304594e-01
9.276534309201349693e-01
9.277250424533941553e-01
9.277964963659443010e-01
9.278677933153808288e-01
9.279389339549976023e-01
9.280099189338258947e-01
9.280807488966726915e-01
9.281514244841586603e-01
9.282219463327556763e-01
9.282923150748240149e-01
9.283625313386490996e-01
9.284325957484776959e-01
9.285025089245536600e-01
9.285722714831535773e-01
9.286418840366217342e-01
9.287113471934048681e-01
9.287806615580861402e-01
9.288498277314192197e-01
9.289188463103619231e-01
9.289877178881090769e-01
9.290564430541252694e-01
9.291250223941776021e-01
9.291934564903672200e-01
9.292617459211611752e-01
9.293298912614239571e-01
9.293978930824482454e-01
9.294657519519856637e-01
9.295334684342768661e-01
9.296010430900816246e-01
9.296684764767086939e-01
9.297357691480448993e-01
9.298029216545840026e-01
9.298699345434556784e-01
9.299368083584538258e-01
9.300035436400644340e-01
9.300701409254935603e-01
9.301366007486947529e-01
9.302029236403960288e-01
9.302691101281271857e-01
9.303351607362460030e-01
9.304010759859646651e-01
9.304668563953758520e-01
9.305325024794784960e-01
9.305980147502032063e-01
9.306633937164375814e-01
9.307286398840509678e-01
9.307937537559194396e-01
9.308587358319500016e-01
9.309235866091047917e-01
9.309883065814251735e-01
9.310528962400551611e-01
9.311173560732651788e-01
9.311816865664748200e-01
9.312458882022761619e-01
9.313099614604564147e-01
9.313739068180202363e-01
9.314377247492120482e-01
9.315014157255382399e-01
9.315649802157887072e-01
9.316284186860585015e-01
9.316917315997693683e-01
9.317549194176907301e-01
9.318179825979605591e-01
9.318809215961060266e-01
9.319437368650644871e-01
9.320064288552031284e-01
9.320689980143394004e-01
9.321314447877611098e-01
9.321937696182456268e-01
9.322559729460798694e-01
9.323180552090792883e-01
9.323800168426069623e-01
9.324418582795929167e-01
9.325035799505524414e-01
9.325651822836048543e-01
9.326266657044917086e-01
9.326880306365953333e-01
9.327492775009563752e-01
9.328104067162918955e-01
9.328714186990132440e-01
9.329323138632431567e-01
9.329930926208331865e-01
9.330537553813811336e-01
9.331143025522475876e-01
9.331747345385732473e-01
9.332350517432951298e-01
9.332952545671633349e-01
9.333553434087572542e-01
9.334153186645021139e-01
9.334751807286844061e-01
9.335349299934683209e-01
9.335945668489111782e-01
9.336540916829791925e-01
9.337135048815626837e-01
9.337728068284915084e-01
9.338319979055503817e-01
9.338910784924934205e-01
9.339500489670595762e-01
9.340089097049868450e-01
9.340676610800270341e-01
9.341263034639605278e-01
9.341848372266101652e-01
9.342432627358555619e-01
9.343015803576472100e-01
9.343597904560204670e-01
9.344178933931091002e-01
9.344758895291593870e-01
9.345337792225431039e-01
9.345915628297714051e-01
9.346492407055078111e-01
9.347068132025816434e-01
9.347642806720009023e-01
9.348216434629652571e-01
9.348789019228788133e-01
9.349360563973628802e-01
9.349931072302685164e-01
9.350500547636889648e-01
9.351068993379720862e-01
9.351636412917326835e-01
9.352202809618644919e-01
9.352768186835521691e-01
9.353332547902833971e-01
9.353895896138606503e-01
9.354458234844127418e-01
9.355019567304067030e-01
9.355579896786589966e-01
9.356139226543471743e-01
9.356697559810209786e-01
9.357254899806137782e-01
9.357811249734533376e-01
9.358366612782732519e-01
9.358920992122233828e-01
9.359474390908811836e-01
9.360026812282619124e-01
9.360578259368295129e-01
9.361128735275072721e-01
9.361678243096881458e-01
9.362226785912448612e-01
9.362774366785406865e-01
9.363320988764390895e-01
9.363866654883141738e-01
9.364411368160606708e-01
9.364955131601035987e-01
9.365497948194082545e-01
9.366039820914900949e-01
9.366580752724240622e-01
9.367120746568545764e-01
9.367659805380046389e-01
9.368197932076854917e-01
9.368735129563059427e-01
9.369271400728814703e-01
9.369806748450436595e-01
9.370341175590489735e-01
9.370874684997881898e-01
9.371407279507949495e-01
9.371938961942548607e-01
9.372469735110143807e-01
9.372999601805892533e-01
9.373528564811733910e-01
9.374056626896474231e-01
9.374583790815871343e-01
9.375110059312721233e-01
9.375635435116937977e-01
9.376159920945640325e-01
9.376683519503232755e-01
9.377206233481486519e-01
9.377728065559621795e-01
9.378249018404387627e-01
9.378769094670139639e-01
9.379288296998923302e-01
9.379806628020549431e-01
9.380324090352670785e-01
9.380840686600863121e-01
9.381356419358698462e-01
9.381871291207821706e-01
9.382385304718027230e-01
9.382898462447331056e-01
9.383410766942047454e-01
9.383922220736859998e-01
9.384432826354897061e-01
9.384942586307802870e-01
9.385451503095809667e-01
9.385959579207806547e-01
9.386466817121412731e-01
9.386973219303047511e-01
9.387478788207997971e-01
9.387983526280488933e-01
9.388487435953751792e-01
9.388990519650091127e-01
9.389492779780953535e-01
9.389994218746993138e-01
9.390494838938138189e-01
9.390994642733656583e-01
9.391493632502222466e-01
9.391991810601978408e-01
9.392489179380602016e-01
9.392985741175368108e-01
9.393481498313211997e-01
9.393976453110793878e-01
9.394470607874558787e-01
9.394963964900799880e-01
9.395456526475719494e-01
9.395948294875487994e-01
9.396439272366308160e-01
9.396929461204470702e-01
9.397418863636416431e-01
9.397907481898795101e-01
9.398395318218522032e-01
9.398882374812836948e-01
9.399368653889363934e-01
9.399854157646164721e-01
9.400338888271798643e-01
9.400822847945377037e-01
9.401306038836619861e-01
9.401788463105911209e-01
9.402270122904354821e-01
9.402751020373826263e-01
9.403231157647031768e-01
9.403710536847555979e-01
9.404189160089921895e-01
9.404667029479638618e-01
9.405144147113256858e-01
9.405620515078420008e-01
9.406096135453916318e-01
9.406571010309729974e-01
9.407045141707093272e-01
9.407518531698535469e-01
9.407991182327936075e-01
9.408463095630570372e-01
9.408934273633163814e-01
9.409404718353937547e-01
9.409874431802659478e-01
9.410343415980690907e-01
9.410811672881037593e-01
9.411279204488394168e-01
9.411746012779192982e-01
9.412212099721651848e-01
9.412677467275819554e-01
9.413142117393624719e-01
9.413606052018917980e-01
9.414069273087520839e-01
9.414531782527270076e-01
9.414993582258063265e-01
9.415454674191902074e-01
9.415915060232938893e-01
9.416374742277519028e-01
9.416833722214226210e-01
9.417292001923923683e-01
9.417749583279799719e-01
9.418206468147409804e-01
9.418662658384718833e-01
9.419118155842143292e-01
9.419572962362593449e-01
9.420027079781515544e-01
9.420480509926932866e-01
9.420933254619485719e-01
9.421385315672473615e-01
9.421836694891895236e-01
9.422287394076488409e-01
9.422737415017771179e-01
9.423186759500079557e-01
9.423635429300608601e-01
9.424083426189451274e-01
9.424530751929635075e-01
9.424977408277164237e-01
9.425423396981055246e-01
9.425868719783375704e-01
9.426313378419282074e-01
9.426757374617058538e-01
9.427200710098151415e-01
9.427643386577206908e-01
9.428085405762111071e-01
9.428526769354022008e-01
9.428967479047408728e-01
9.429407536530085565e-01
9.429846943483248811e-01
9.430285701581511137e-01
9.430723812492939340e-01
9.431161277879086535e-01
9.431598099395028800e-01
9.432034278689398477e-01
9.432469817404418588e-01
9.432904717175937259e-01
9.433338979633461019e-01
9.433772606400191441e-01
9.434205599093052896e-01
9.434637959322729195e-01
9.435069688693697998e-01
9.435500788804259686e-01
9.435931261246572888e-01
9.436361107606685561e-01
9.436790329464564975e-01
9.437218928394134343e-01
9.437646905963300581e-01
9.438074263733985392e-01
9.438501003262160793e-01
9.438927126097874654e-01
9.439352633785286217e-01
9.439777527862692752e-01
9.440201809862562854e-01
9.440625481311564204e-01
9.441048543730595766e-01
9.441470998634816647e-01
9.441892847533674971e-01
9.442314091930938957e-01
9.442734733324724683e-01
9.443154773207524944e-01
9.443574213066238121e-01
9.443993054382199270e-01
9.444411298631205653e-01
9.444828947283545606e-01
9.445246001804027403e-01
9.445662463652005902e-01
9.446078334281412525e-01
9.446493615140779676e-01
9.446908307673270722e-01
9.447322413316706635e-01
9.447735933503591532e-01
9.448148869661140425e-01
9.448561223211306981e-01
9.448972995570807942e-01
9.449384188151150887e-01
9.449794802358660872e-01
9.450204839594503747e-01
9.450614301254715022e-01
9.451023188730224289e-01
9.451431503406879653e-01
9.451839246665474370e-01
9.452246419881771278e-01
9.452653024426530548e-01
9.453059061665528562e-01
9.453464532959588995e-01
9.453869439664602803e-01
9.454273783131555975e-01
9.454677564706550630e-01
9.455080785730831661e-01
9.455483447540808939e-01
9.455885551468081740e-01
9.456287098839463168e-01
9.456688090977001249e-01
9.457088529198004467e-01
9.457488414815065081e-01
9.457887749136080213e-01
9.458286533464277390e-01
9.458684769098234524e-01
9.459082457331903226e-01
9.459479599454633236e-01
9.459876196751192401e-01
9.460272250501789992e-01
9.460667761982100021e-01
9.461062732463279001e-01
9.461457163211992594e-01
9.461851055490434481e-01
9.462244410556348573e-01
9.462637229663048988e-01
9.463029514059444480e-01
9.463421264990057313e-01
9.463812483695044353e-01
9.464203171410218163e-01
9.464593329367068097e-01
9.464982958792781398e-01
9.465372060910260954e-01
9.465760636938148620e-01
9.466148688090845198e-01
9.466536215578529312e-01
9.466923220607177392e-01
9.467309704378584767e-01
9.467695668090384542e-01
9.468081112936067578e-01
9.468466040105001369e-01
9.468850450782451134e-01
9.469234346149596471e-01
9.469617727383552452e-01
9.470000595657389608e-01
9.470382952140148358e-01
9.470764797996864548e-01
9.471146134388581661e-01
9.471526962472374134e-01
9.471907283401362898e-01
9.472287098324735366e-01
9.472666408387763193e-01
9.473045214731821151e-01
9.473423518494403783e-01
9.473801320809144277e-01
9.474178622805832228e-01
9.474555425610431403e-01
9.474931730345096392e-01
9.475307538128192597e-01
9.475682850074311769e-01
9.476057667294288667e-01
9.476431990895221036e-01
9.476805821980482936e-01
9.477179161649744721e-01
9.477552010998989696e-01
9.477924371120529656e-01
9.478296243103022656e-01
9.478667628031488546e-01
9.479038526987326740e-01
9.479408941048332871e-01
9.479778871288714326e-01
9.480148318779105798e-01
9.480517284586585935e-01
9.480885769774695104e-01
9.481253775403449824e-01
9.481621302529357198e-01
9.481988352205434900e-01
9.482354925481222274e-01
9.482721023402799210e-01
9.483086647012799464e-01
9.483451797350428425e-01
9.483816475451475325e-01
9.484180682348332114e-01
9.484544419070005672e-01
9.484907686642134461e-01
9.485270486087002961e-01
9.485632818423557211e-01
9.485994684667418131e-01
9.486356085830898177e-01
9.486717022923014664e-01
9.487077496949505306e-01
9.487437508912842654e-01
9.487797059812246303e-01
9.488156150643700659e-01
9.488514782399966041e-01
9.488872956070596443e-01
9.489230672641950637e-01
9.489587933097205497e-01
9.489944738416373760e-01
9.490301089576315130e-01
9.490656987550749601e-01
9.491012433310274110e-01
9.491367427822372527e-01
9.491721972051431200e-01
9.492076066958752278e-01
9.492429713502567035e-01
9.492782912638050297e-01
9.493135665317330441e-01
9.493487972489506044e-01
9.493839835100656988e-01
9.494191254093860000e-01
9.494542230409197536e-01
9.494892764983773326e-01
9.495242858751725690e-01
9.495592512644239758e-01
9.495941727589558568e-01
9.496290504512997499e-01
9.496638844336955376e-01
9.496986747980930010e-01
9.497334216361525971e-01
9.497681250392471242e-01
9.498027850984627207e-01
9.498374019046000871e-01
9.498719755481757065e-01
9.499065061194232884e-01
9.499409937082945454e-01
9.499754384044606370e-01
9.500098402973135014e-01
9.500441994759667441e-01
9.500785160292569698e-01
9.501127900457448927e-01
9.501470216137165581e-01
9.501812108211845631e-01
9.502153577558889452e-01
9.502494625052986255e-01
9.502835251566124075e-01
9.503175457967599771e-01
9.503515245124034561e-01
9.503854613899379578e-01
9.504193565154931411e-01
9.504532099749340990e-01
9.504870218538625792e-01
9.505207922376179841e-01
9.505545212112785913e-01
9.505882088596623314e-01
9.506218552673283417e-01
9.506554605185776330e-01
9.506890246974543102e-01
9.507225478877466829e-01
9.507560301729882646e-01
9.507894716364588827e-01
9.508228723611855671e-01
9.508562324299437707e-01
9.508895519252583695e-01
9.509228309294045500e-01
9.509560695244090311e-01
9.509892677920509518e-01
9.510224258138628706e-01
9.510555436711318755e-01
9.510886214449005838e-01
9.511216592159679184e-01
9.511546570648905519e-01
9.511876150719833500e-01
9.512205333173208155e-01
9.512534118807377537e-01
9.512862508418304941e-01
9.513190502799575565e-01
9.513518102742407612e-01
9.513845309035664499e-01
9.514172122465859305e-01
9.514498543817169196e-01
9.514824573871440982e-01
9.515150213408202218e-01
9.515475463204671192e-01
9.515800324035764701e-01
9.516124796674106934e-01
9.516448881890041678e-01
9.516772580451638985e-01
9.517095893124705164e-01
9.517418820672789437e-01
9.517741363857196157e-01
9.518063523436993689e-01
9.518385300169019958e-01
9.518706694807894664e-01
9.519027708106027053e-01
9.519348340813624798e-01
9.519668593678702884e-01
9.519988467447090263e-01
9.520307962862440965e-01
9.520627080666242970e-01
9.520945821597823766e-01
9.521264186394362561e-01
9.521582175790896940e-01
9.521899790520329532e-01
9.522217031313440216e-01
9.522533898898891680e-01
9.522850394003238295e-01
9.523166517350935001e-01
9.523482269664345079e-01
9.523797651663747921e-01
9.524112664067349021e-01
9.524427307591284420e-01
9.524741582949632912e-01
9.525055490854421603e-01
9.525369032015633675e-01
9.525682207141218383e-01
9.525995016937096604e-01
9.526307462107170831e-01
9.526619543353331832e-01
9.526931261375465310e-01
9.527242616871461900e-01
9.527553610537223827e-01
9.527864243066672678e-01
9.528174515151757173e-01
9.528484427482459829e-01
9.528793980746804726e-01
9.529103175630867506e-01
9.529412012818779809e-01
9.529720492992737046e-01
9.530028616833008392e-01
9.530336385017940115e-01
9.530643798223967789e-01
9.530950857125618514e-01
9.531257562395522021e-01
9.531563914704416218e-01
9.531869914721154968e-01
9.532175563112714745e-01
9.532480860544201295e-01
9.532785807678858525e-01
9.533090405178074045e-01
9.533394653701385835e-01
9.533698553906492235e-01
9.534002106449254166e-01
9.534305311983706233e-01
9.534608171162061163e-01
9.534910684634717581e-01
9.535212853050267778e-01
9.535514677055501043e-01
9.535816157295415874e-01
9.536117294413221090e-01
9.536418089050346936e-01
9.536718541846448405e-01
9.537018653439415239e-01
9.537318424465375255e-01
9.537617855558702118e-01
9.537916947352023112e-01
9.538215700476224690e-01
9.538514115560458029e-01
9.538812193232146797e-01
9.539109934116992706e-01
9.539407338838983286e-01
9.539704408020396320e-01
9.540001142281808733e-01
9.540297542242098805e-01
9.540593608518457280e-01
9.540889341726389583e-01
9.541184742479724701e-01
9.541479811390619625e-01
9.541774549069567124e-01
9.542068956125400181e-01
9.542363033165299768e-01
9.542656780794799287e-01
9.542950199617791229e-01
9.543243290236532728e-01
9.543536053251654439e-01
9.543828489262161652e-01
9.544120598865444283e-01
9.544412382657281313e-01
9.544703841231845232e-01
9.544994975181710917e-01
9.545285785097857856e-01
9.545576271569679028e-01
9.545866435184985344e-01
9.546156276530012308e-01
9.546445796189423350e-01
9.546734994746317593e-01
9.547023872782236520e-01
9.547312430877165079e-01
9.547600669609543900e-01
9.547888589556268180e-01
9.548176191292698789e-01
9.548463475392663380e-01
9.548750442428464158e-01
9.549037092970884544e-01
9.549323427589192503e-01
9.549609446851146100e-01
9.549895151323000153e-01
9.550180541569509574e-01
9.550465618153937131e-01
9.550750381638057895e-01
9.551034832582163681e-01
9.551318971545069703e-01
9.551602799084119022e-01
9.551886315755186985e-01
9.552169522112687883e-01
9.552452418709579396e-01
9.552735006097369252e-01
9.553017284826117450e-01
9.553299255444444027e-01
9.553580918499532393e-01
9.553862274537134880e-01
9.554143324101579404e-01
9.554424067735772796e-01
9.554704505981205243e-01
9.554984639377955835e-01
9.555264468464700345e-01
9.555543993778711220e-01
9.555823215855866470e-01
9.556102135230651884e-01
9.556380752436167691e-01
9.556659068004134117e-01
9.556937082464892486e-01
9.557214796347412999e-01
9.557492210179301395e-01
9.557769324486797835e-01
9.558046139794786900e-01
9.558322656626800917e-01
9.558598875505024406e-01
9.558874796950296293e-01
9.559150421482119908e-01
9.559425749618662982e-01
9.559700781876763198e-01
9.559975518771935965e-01
9.560249960818373305e-01
9.560524108528954956e-01
9.560797962415247264e-01
9.561071522987510951e-01
9.561344790754704448e-01
9.561617766224489445e-01
9.561890449903233113e-01
9.562162842296014764e-01
9.562434943906630291e-01
9.562706755237594392e-01
9.562978276790146115e-01
9.563249509064254417e-01
9.563520452558621487e-01
9.563791107770687194e-01
9.564061475196632411e-01
9.564331555331385681e-01
9.564601348668624325e-01
9.564870855700781105e-01
9.565140076919048662e-01
9.565409012813381739e-01
9.565677663872501624e-01
9.565946030583902804e-01
9.566214113433855193e-01
9.566481912907408569e-01
9.566749429488395906e-01
9.567016663659438924e-01
9.567283615901950311e-01
9.567550286696141493e-01
9.567816676521021524e-01
9.568082785854405969e-01
9.568348615172918015e-01
9.568614164951991796e-01
9.568879435665880173e-01
9.569144427787654728e-01
9.569409141789212425e-01
9.569673578141277837e-01
9.569937737313407577e-01
9.570201619773993640e-01
9.570465225990270053e-01
9.570728556428312883e-01
9.570991611553045786e-01
9.571254391828245556e-01
9.571516897716542127e-01
9.571779129679426346e-01
9.572041088177251078e-01
9.572302773669236764e-01
9.572564186613472526e-01
9.572825327466923939e-01
9.573086196685433036e-01
9.573346794723723852e-01
9.573607122035405759e-01
9.573867179072976796e-01
9.574126966287827001e-01
9.574386484130245067e-01
9.574645733049418350e-01
9.574904713493437303e-01
9.575163425909298809e-01
9.575421870742912844e-01
9.575680048439102476e-01
9.575937959441608305e-01
9.576195604193092903e-01
9.576452983135144148e-01
9.576710096708277442e-01
9.576966945351941263e-01
9.577223529504518273e-01
9.577479849603330875e-01
9.577735906084643425e-01
9.577991699383666679e-01
9.578247229934560014e-01
9.578502498170436974e-01
9.578757504523365274e-01
9.579012249424372349e-01
9.579266733303449799e-01
9.579520956589554492e-01
9.579774919710613013e-01
9.580028623093524986e-01
9.580282067164166415e-01
9.580535252347391895e-01
9.580788179067039056e-01
9.581040847745933009e-01
9.581293258805885227e-01
9.581545412667703543e-01
9.581797309751187708e-01
9.582048950475139382e-01
9.582300335257362134e-01
9.582551464514663664e-01
9.582802338662861352e-01
9.583052958116783371e-01
9.583303323290274234e-01
9.583553434596195908e-01
9.583803292446431144e-01
9.584052897251886804e-01
9.584302249422498310e-01
9.584551349367231854e-01
9.584800197494086627e-01
9.585048794210097034e-01
9.585297139921340470e-01
9.585545235032933986e-01
9.585793079949043172e-01
9.586040675072879935e-01
9.586288020806710275e-01
9.586535117551854279e-01
9.586781965708689457e-01
9.587028565676654068e-01
9.587274917854250456e-01
9.587521022639048374e-01
9.587766880427687211e-01
9.588012491615878208e-01
9.588257856598407791e-01
9.588502975769142012e-01
9.588747849521027655e-01
9.588992478246095574e-01
9.589236862335464018e-01
9.589481002179340852e-01
9.589724898167026890e-01
9.589968550686918114e-01
9.590211960126510116e-01
9.590455126872399205e-01
9.590698051310284633e-01
9.590940733824974140e-01
9.591183174800383959e-01
9.591425374619543254e-01
9.591667333664596340e-01
9.591909052316804907e-01
9.592150530956551346e-01
9.592391769963342085e-01
9.592632769715808694e-01
9.592873530591713438e-01
9.593114052967947059e-01
9.593354337220536543e-01
9.593594383724645125e-01
9.593834192854575615e-01
9.594073764983772623e-01
9.594313100484825885e-01
9.594552199729472486e-01
9.594791063088599081e-01
9.595029690932245225e-01
9.595268083629606704e-01
9.595506241549035531e-01
9.595744165058045505e-01
9.595981854523312204e-01
9.596219310310677431e-01
9.596456532785150317e-01
9.596693522310911773e-01
9.596930279251314477e-01
9.597166803968888438e-01
9.597403096825339874e-01
9.597639158181557884e-01
9.597874988397613327e-01
9.598110587832763274e-01
9.598345956845452109e-01
9.598581095793314866e-01
9.598816005033181664e-01
9.599050684921075494e-01
9.599285135812217762e-01
9.599519358061031626e-01
9.599753352021141994e-01
9.599987118045379964e-01
9.600220656485781712e-01
9.600453967693596269e-01
9.600687052019283296e-01
9.600919909812517528e-01
9.601152541422190989e-01
9.601384947196415220e-01
9.601617127482522385e-01
9.601849082627070819e-01
9.602080812975842816e-01
9.602312318873851282e-01
9.602543600665339740e-01
9.602774658693784549e-01
9.603005493301898232e-01
9.603236104831631703e-01
9.603466493624174261e-01
9.603696660019960252e-01
9.603926604358665742e-01
9.604156326979216285e-01
9.604385828219784704e-01
9.604615108417797753e-01
9.604844167909932784e-01
9.605073007032125521e-01
9.605301626119567837e-01
9.605530025506713310e-01
9.605758205527277216e-01
9.605986166514239866e-01
9.606213908799848822e-01
9.606441432715620010e-01
9.606668738592339940e-01
9.606895826760069035e-01
9.607122697548142742e-01
9.607349351285174865e-01
9.607575788299057562e-01
9.607802008916966896e-01
9.608028013465360617e-01
9.608253802269984822e-01
9.608479375655870625e-01
9.608704733947341925e-01
9.608929877468014302e-01
9.609154806540797233e-01
9.609379521487896314e-01
9.609604022630816589e-01
9.609828310290362552e-01
9.610052384786641477e-01
9.610276246439066750e-01
9.610499895566355644e-01
9.610723332486535986e-01
9.610946557516945044e-01
9.611169570974233967e-01
9.611392373174367787e-01
9.611614964432628749e-01
9.611837345063616311e-01
9.612059515381252695e-01
9.612281475698780664e-01
9.612503226328767969e-01
9.612724767583108454e-01
9.612946099773025388e-01
9.613167223209071466e-01
9.613388138201133248e-01
9.613608845058428942e-01
9.613829344089515061e-01
9.614049635602284205e-01
9.614269719903970612e-01
9.614489597301149049e-01
9.614709268099739248e-01
9.614928732605004802e-01
9.615147991121558713e-01
9.615367043953361170e-01
9.615585891403725105e-01
9.615804533775316187e-01
9.616022971370155048e-01
9.616241204489618388e-01
9.616459233434441201e-01
9.616677058504720099e-01
9.616894679999913320e-01
9.617112098218842942e-01
9.617329313459697104e-01
9.617546326020032232e-01
9.617763136196773033e-01
9.617979744286214716e-01
9.618196150584027437e-01
9.618412355385256296e-01
9.618628358984320226e-01
9.618844161675018656e-01
9.619059763750531511e-01
9.619275165503418101e-01
9.619490367225623784e-01
9.619705369208477741e-01
9.619920171742697423e-01
9.620134775118387438e-01
9.620349179625043989e-01
9.620563385551554880e-01
9.620777393186201731e-01
9.620991202816663312e-01
9.621204814730013322e-01
9.621418229212725937e-01
9.621631446550675815e-01
9.621844467029140313e-01
9.622057290932799489e-01
9.622269918545740541e-01
9.622482350151456698e-01
9.622694586032851660e-01
9.622906626472238489e-01
9.623118471751342939e-01
9.623330122151304566e-01
9.623541577952678949e-01
9.623752839435437689e-01
9.623963906878972852e-01
9.624174780562096965e-01
9.624385460763041911e-01
9.624595947759466696e-01
9.624806241828453013e-01
9.625016343246509676e-01
9.625226252289574846e-01
9.625435969233017142e-01
9.625645494351634524e-01
9.625854827919659851e-01
9.626063970210760878e-01
9.626272921498040258e-01
9.626481682054038869e-01
9.626690252150736926e-01
9.626898632059556205e-01
9.627106822051361146e-01
9.627314822396458860e-01
9.627522633364602456e-01
9.627730255224992151e-01
