6.223900066627335192e+00
6.210921067864477507e+00
6.197976476450223871e+00
6.185066137171731704e+00
6.172189896235943607e+00
6.159347601251297100e+00
6.146539101209736344e+00
6.133764246469011638e+00
6.121022888735264900e+00
6.108314881045894040e+00
6.095640077752695341e+00
6.082998334505269611e+00
6.070389508234692144e+00
6.057813457137446456e+00
6.045270040659604938e+00
6.032759119481261756e+00
6.020280555501206443e+00
6.007834211821840853e+00
5.995419952734325264e+00
5.983037643703959851e+00
5.970687151355785538e+00
5.958368343460412220e+00
5.946081088920060154e+00
5.933825257754815397e+00
5.921600721089095742e+00
5.909407351138318276e+00
5.897245021195772097e+00
5.885113605619687327e+00
5.873012979820495083e+00
5.860943020248283730e+00
5.848903604380437216e+00
5.836894610709457254e+00
5.824915918730969366e+00
5.812967408931899449e+00
5.801048962778831530e+00
5.789160462706528953e+00
5.777301792106626976e+00
5.765472835316490574e+00
5.753673477608229447e+00
5.741903605177876457e+00
5.730163105134718826e+00
5.718451865490782104e+00
5.706769775150468682e+00
5.695116723900337519e+00
5.683492602399034865e+00
5.671897302167363542e+00
5.660330715578494321e+00
5.648792735848315871e+00
5.637283257025917038e+00
5.625802173984204124e+00
5.614349382410648737e+00
5.602924778798163530e+00
5.591528260436104958e+00
5.580159725401398596e+00
5.568819072549788807e+00
5.557506201507205645e+00
5.546221012661251670e+00
5.534963407152804216e+00
5.523733286867731351e+00
5.512530554428719753e+00
5.501355113187213597e+00
5.490206867215460917e+00
5.479085721298667444e+00
5.467991580927253459e+00
5.456924352289218128e+00
5.445883942262598865e+00
5.434870258408035504e+00
5.423883208961431279e+00
5.412922702826709731e+00
5.401988649568667533e+00
5.391080959405917916e+00
5.380199543203930901e+00
5.369344312468160574e+00
5.358515179337262069e+00
5.347712056576396478e+00
5.336934857570622803e+00
5.326183496318371624e+00
5.315457887425006689e+00
5.304757946096465560e+00
5.294083588132982854e+00
5.283434729922891648e+00
5.272811288436503041e+00
5.262213181220067426e+00
5.251640326389804159e+00
5.241092642626012932e+00
5.230570049167254432e+00
5.220072465804606487e+00
5.209599812875990388e+00
5.199152011260564699e+00
5.188728982373193688e+00
5.178330648158980587e+00
5.167956931087869243e+00
5.157607754149310608e+00
5.147283040846994950e+00
5.136982715193648907e+00
5.126706701705895597e+00
5.116454925399177789e+00
5.106227311782738809e+00
5.096023786854668280e+00
5.085844277097004706e+00
5.075688709470899340e+00
5.065557011411834232e+00
5.055449110824898895e+00
5.045364936080125595e+00
5.035304416007876149e+00
5.025267479894284683e+00
5.015254057476754568e+00
5.005264078939506867e+00
4.995297474909184743e+00
4.985354176450503161e+00
4.975434115061954543e+00
4.965537222671563278e+00
4.955663431632685523e+00
4.945812674719864965e+00
4.935984885124728549e+00
4.926179996451934606e+00
4.916397942715166280e+00
4.906638658333170255e+00
4.896902078125840774e+00
4.887188137310348068e+00
4.877496771497311201e+00
4.867827916687014422e+00
4.858181509265667053e+00
4.848557486001702443e+00
4.838955784042122232e+00
4.829376340908878795e+00
4.819819094495300327e+00
4.810283983062554114e+00
4.800770945236150666e+00
4.791279920002486037e+00
4.781810846705420559e+00
4.772363665042899328e+00
4.762938315063606431e+00
4.753534737163657375e+00
4.744152872083327921e+00
4.734792660903819339e+00
4.725454045044056528e+00
4.716136966257523433e+00
4.706841366629132217e+00
4.697567188572126184e+00
4.688314374825014674e+00
4.679082868448544374e+00
4.669872612822701718e+00
4.660683551643744593e+00
4.651515628921271350e+00
4.642368788975315574e+00
4.633242976433475491e+00
4.624138136228074458e+00
4.615054213593347221e+00
4.605991154062660797e+00
4.596948903465761127e+00
4.587927407926051693e+00
4.578926613857898786e+00
4.569946467963966974e+00
4.560986917232577653e+00
4.552047908935102249e+00
4.543129390623378505e+00
4.534231310127153414e+00
4.525353615551552799e+00
4.516496255274580207e+00
4.507659177944637108e+00
4.498842332478072414e+00
4.490045668056755090e+00
4.481269134125672515e+00
4.472512680390552831e+00
4.463776256815513044e+00
4.455059813620730225e+00
4.446363301280134017e+00
4.437686670519128462e+00
4.429029872312332472e+00
4.420392857881342508e+00
4.411775578692521904e+00
4.403177986454808845e+00
4.394600033117549209e+00
4.386041670868348064e+00
4.377502852130946032e+00
4.368983529563114310e+00
4.360483656054572776e+00
4.352003184724927642e+00
4.343542068921628641e+00
4.335100262217949307e+00
4.326677718410985030e+00
4.318274391519673294e+00
4.309890235782829038e+00
4.301525205657204864e+00
4.293179255815566364e+00
4.284852341144788745e+00
4.276544416743970345e+00
4.268255437922566564e+00
4.259985360198538906e+00
4.251734139296527104e+00
4.243501731146033684e+00
4.235288091879630734e+00
4.227093177831179993e+00
4.218916945534073371e+00
4.210759351719489452e+00
4.202620353314667767e+00
4.194499907441196385e+00
4.186397971413321706e+00
4.178314502736268032e+00
4.170249459104578449e+00
4.162202798400469916e+00
4.154174478692202577e+00
4.146164458232468597e+00
4.138172695456789896e+00
4.130199148981939850e+00
4.122243777604371218e+00
4.114306540298665382e+00
4.106387396215994023e+00
4.098486304682595005e+00
4.090603225198263360e+00
4.082738117434856484e+00
4.074890941234812658e+00
4.067061656609685549e+00
4.059250223738691155e+00
4.051456602967266285e+00
4.043680754805645705e+00
4.035922639927449040e+00
4.028182219168280120e+00
4.020459453524344084e+00
4.012754304151071594e+00
4.005066732361759030e+00
3.997396699626223793e+00
3.989744167569465816e+00
3.982109097970347733e+00
3.974491452760283483e+00
3.966891194021941125e+00
3.959308283987956756e+00
3.951742685039660419e+00
3.944194359705814446e+00
3.936663270661362901e+00
3.929149380726192575e+00
3.921652652863905519e+00
3.914173050180603575e+00
3.906710535923683558e+00
3.899265073480643107e+00
3.891836626377898067e+00
3.884425158279611434e+00
3.877030632986531167e+00
3.869653014434840888e+00
3.862292266695019904e+00
3.854948353970713004e+00
3.847621240597613124e+00
3.840310891042351127e+00
3.833017269901398461e+00
3.825740341899978247e+00
3.818480071890986149e+00
3.811236424853922777e+00
3.804009365893834094e+00
3.796798860240262474e+00
3.789604873246207095e+00
3.782427370387093202e+00
3.775266317259752480e+00
3.768121679581410977e+00
3.760993423188685902e+00
3.753881514036594425e+00
3.746785918197568233e+00
3.739706601860478763e+00
3.732643531329670861e+00
3.725596673024005323e+00
3.718565993475910325e+00
3.711551459330440839e+00
3.704553037344347377e+00
3.697570694385152734e+00
3.690604397430237160e+00
3.683654113565931976e+00
3.676719809986620735e+00
3.669801453993850604e+00
3.662899012995448178e+00
3.656012454504647291e+00
3.649141746139222153e+00
3.642286855620629371e+00
3.635447750773156184e+00
3.628624399523079802e+00
3.621816769897830746e+00
3.615024830025166391e+00
3.608248548132349409e+00
3.601487892545336411e+00
3.594742831687972373e+00
3.588013334081192607e+00
3.581299368342232281e+00
3.574600903183842160e+00
3.567917907413513223e+00
3.561250349932707060e+00
3.554598199736092479e+00
3.547961425910791000e+00
3.541339997635628123e+00
3.534733884180390806e+00
3.528143054905093834e+00
3.521567479259250177e+00
3.515007126781149349e+00
3.508461967097142864e+00
3.501931969920934584e+00
3.495417105052879503e+00
3.488917342379286968e+00
3.482432651871732343e+00
3.475963003586372224e+00
3.469508367663268977e+00
3.463068714325718389e+00
3.456644013879587085e+00
3.450234236712651725e+00
3.443839353293947969e+00
3.437459334173122993e+00
3.431094149979795116e+00
3.424743771422918748e+00
3.418408169290156007e+00
3.412087314447253217e+00
3.405781177837423179e+00
3.399489730480732774e+00
3.393212943473498555e+00
3.386950787987684119e+00
3.380703235270306362e+00
3.374470256642845722e+00
3.368251823500661324e+00
3.362047907312412764e+00
3.355858479619486801e+00
3.349683512035429356e+00
3.343522976245382416e+00
3.337376844005525811e+00
3.331245087142526096e+00
3.325127677552988548e+00
3.319024587202915377e+00
3.312935788127167935e+00
3.306861252428935138e+00
3.300800952279205891e+00
3.294754859916247725e+00
3.288722947645088990e+00
3.282705187837005933e+00
3.276701552929015104e+00
3.270712015423371977e+00
3.264736547887070905e+00
3.258775122951352188e+00
3.252827713311214453e+00
3.246894291724929271e+00
3.240974831013561541e+00
3.235069304060495199e+00
3.229177683810962485e+00
3.223299943271578094e+00
3.217436055509876436e+00
3.211585993653856441e+00
3.205749730891526816e+00
3.199927240470458845e+00
3.194118495697341853e+00
3.188323469937543120e+00
3.182542136614672668e+00
3.176774469210151608e+00
3.171020441262784484e+00
3.165280026368336497e+00
3.159553198179114730e+00
3.153839930403552483e+00
3.148140196805798929e+00
3.142453971205311891e+00
3.136781227476455491e+00
3.131121939548100475e+00
3.125476081403228967e+00
3.119843627078543680e+00
3.114224550664081104e+00
3.108618826302827376e+00
3.103026428190338581e+00
3.097447330574364610e+00
3.091881507754477010e+00
3.086328934081701725e+00
3.080789583958152722e+00
3.075263431836670946e+00
3.069750452220467718e+00
3.064250619662770347e+00
3.058763908766470863e+00
3.053290294183780951e+00
3.047829750615887345e+00
3.042382252812611654e+00
3.036947775572075514e+00
3.031526293740366640e+00
3.026117782211208418e+00
3.020722215925635723e+00
3.015339569871670733e+00
3.009969819084004072e+00
3.004612938643677733e+00
2.999268903677772879e+00
2.993937689359100762e+00
2.988619270905894965e+00
2.983313623581509422e+00
2.978020722694116884e+00
2.972740543596414042e+00
2.967473061685326208e+00
2.962218252401716878e+00
2.956976091230100412e+00
2.951746553698357811e+00
2.946529615377454725e+00
2.941325251881163449e+00
2.936133438865786704e+00
2.930954152029885851e+00
2.925787367114011328e+00
2.920633059900434869e+00
2.915491206212887487e+00
2.910361781916297019e+00
2.905244762916530998e+00
2.900140125160141302e+00
2.895047844634111911e+00
2.889967897365607996e+00
2.884900259421731228e+00
2.879844906909273750e+00
2.874801815974478369e+00
2.869770962802799197e+00
2.864752323618664498e+00
2.859745874685245770e+00
2.854751592304225039e+00
2.849769452815567927e+00
2.844799432597297173e+00
2.839841508065271025e+00
2.834895655672962089e+00
2.829961851911239279e+00
2.825040073308153321e+00
2.820130296428723593e+00
2.815232497874728068e+00
2.810346654284494594e+00
2.805472742332696612e+00
2.800610738730149762e+00
2.795760620223611159e+00
2.790922363595581768e+00
2.786095945664109674e+00
2.781281343282597351e+00
2.776478533339610699e+00
2.771687492758689864e+00
2.766908198498161831e+00
2.762140627550958349e+00
2.757384756944431192e+00
2.752640563740174962e+00
2.747908025033848123e+00
2.743187117954997589e+00
2.738477819666886859e+00
2.733780107366322820e+00
2.729093958283489219e+00
2.724419349681778790e+00
2.719756258857628950e+00
2.715104663140358809e+00
2.710464539892009306e+00
2.705835866507184662e+00
2.701218620412896954e+00
2.696612779068410237e+00
2.692018319965089557e+00
2.687435220626249954e+00
2.682863458607009033e+00
2.678303011494139962e+00
2.673753856905927595e+00
2.669215972492025468e+00
2.664689335933316361e+00
2.660173924941772405e+00
2.655669717260319196e+00
2.651176690662701230e+00
2.646694822953348236e+00
2.642224091967244171e+00
2.637764475569798428e+00
2.633315951656717502e+00
2.628878498153880194e+00
2.624452093017213272e+00
2.620036714232569786e+00
2.615632339815606944e+00
2.611238947811670208e+00
2.606856516295673387e+00
2.602485023371986284e+00
2.598124447174318785e+00
2.593774765865609844e+00
2.589435957637917785e+00
2.585108000712311060e+00
2.580790873338761671e+00
2.576484553796039911e+00
2.572189020391609571e+00
2.567904251461527565e+00
2.563630225370342242e+00
2.559366920510994348e+00
2.555114315304720218e+00
2.550872388200955854e+00
2.546641117677241439e+00
2.542420482239130308e+00
2.538210460420095682e+00
2.534011030781441853e+00
2.529822171912215811e+00
2.525643862429119757e+00
2.521476080976425838e+00
2.517318806225891770e+00
2.513172016876679127e+00
2.509035691655270295e+00
2.504909809315390756e+00
2.500794348637928266e+00
2.496689288430857800e+00
2.492594607529163842e+00
2.488510284794767546e+00
2.484436299116452584e+00
2.480372629409793639e+00
2.476319254617086241e+00
2.472276153707276158e+00
2.468243305675893673e+00
2.464220689544984300e+00
2.460208284363045728e+00
2.456206069204961651e+00
2.452214023171940482e+00
2.448232125391451852e+00
2.444260355017167541e+00
2.440298691228901085e+00
2.436347113232550043e+00
2.432405600260039602e+00
2.428474131569264838e+00
2.424552686444037874e+00
2.420641244194033703e+00
2.416739784154736892e+00
2.412848285687391403e+00
2.408966728178949523e+00
2.405095091042023014e+00
2.401233353714835594e+00
2.397381495661174533e+00
2.393539496370345354e+00
2.389707335357127871e+00
2.385884992161730445e+00
2.382072446349748240e+00
2.378269677512121483e+00
2.374476665265094155e+00
2.370693389250173588e+00
2.366919829134093156e+00
2.363155964608772752e+00
2.359401775391282374e+00
2.355657241223806153e+00
2.351922341873607269e+00
2.348197057132993759e+00
2.344481366819285206e+00
2.340775250774780325e+00
2.337078688866725873e+00
2.333391660987285565e+00
2.329714147053510320e+00
2.326046127007310282e+00
2.322387580815425956e+00
2.318738488469401116e+00
2.315098829985557050e+00
2.311468585404966802e+00
2.307847734793430750e+00
2.304236258241452173e+00
2.300634135864214169e+00
2.297041347801558775e+00
2.293457874217963433e+00
2.289883695302522337e+00
2.286318791268924233e+00
2.282763142355435093e+00
2.279216728824879024e+00
2.275679530964620056e+00
2.272151529086545718e+00
2.268632703527050154e+00
2.265123034647018585e+00
2.261622502831813541e+00
2.258131088491259320e+00
2.254648772059628214e+00
2.251175533995628975e+00
2.247711354782393922e+00
2.244256214927466520e+00
2.240810094962791155e+00
2.237372975444703815e+00
2.233944836953920099e+00
2.230525660095528551e+00
2.227115425498980450e+00
2.223714113818083149e+00
2.220321705730991191e+00
2.216938181940201869e+00
2.213563523172546788e+00
2.210197710179187869e+00
2.206840723735612020e+00
2.203492544641625805e+00
2.200153153721352783e+00
2.196822531823229063e+00
2.193500659820001086e+00
2.190187518608723405e+00
2.186883089110755574e+00
2.183587352271763038e+00
2.180300289061714025e+00
2.177021880474879989e+00
2.173752107529836497e+00
2.170490951269463231e+00
2.167238392760943988e+00
2.163994413095770231e+00
2.160758993389741089e+00
2.157532114782966914e+00
2.154313758439871940e+00
2.151103905549196948e+00
2.147902537324003269e+00
2.144709635001677217e+00
2.141525179843934090e+00
2.138349153136823055e+00
2.135181536190732032e+00
2.132022310340394355e+00
2.128871456944894103e+00
2.125728957387672313e+00
2.122594793076533648e+00
2.119468945443653940e+00
2.116351395945587743e+00
2.113242126063275439e+00
2.110141117302052116e+00
2.107048351191654678e+00
2.103963809286232056e+00
2.100887473164353647e+00
2.097819324429018195e+00
2.094759344707664894e+00
2.091707515652181382e+00
2.088663818938915284e+00
2.085628236268684876e+00
2.082600749366789294e+00
2.079581339983019195e+00
2.076569989891669188e+00
2.073566680891548941e+00
2.070571394805994725e+00
2.067584113482881847e+00
2.064604818794636643e+00
2.061633492638249354e+00
2.058670116935287009e+00
2.055714673631905853e+00
2.052767144698864676e+00
2.049827512131539020e+00
2.046895757949933614e+00
2.043971864198697475e+00
2.041055812947136783e+00
2.038147586289229540e+00
2.035247166343639780e+00
2.032354535253732664e+00
2.029469675187588251e+00
2.026592568338017486e+00
2.023723196922576406e+00
2.020861543183581244e+00
2.018007589388124412e+00
2.015161317828090048e+00
2.012322710820168670e+00
2.009491750705874047e+00
2.006668419851557861e+00
2.003852700648427021e+00
2.001044575512559209e+00
1.998244026884918201e+00
1.995451037231371849e+00
1.992665589042707408e+00
1.989887664834648184e+00
1.987117247147870858e+00
1.984354318548021245e+00
1.981598861625731844e+00
1.978850858996638040e+00
1.976110293301395426e+00
1.973377147205697124e+00
1.970651403400290436e+00
1.967933044600993941e+00
1.965222053548714820e+00
1.962518413009466167e+00
1.959822105774384093e+00
1.957133114659745488e+00
1.954451422506984670e+00
1.951777012182711601e+00
1.949109866578728756e+00
1.946449968612048664e+00
1.943797301224911456e+00
1.941151847384802620e+00
1.938513590084470106e+00
1.935882512341941863e+00
1.933258597200543605e+00
1.930641827728916349e+00
1.928032187021033739e+00
1.925429658196219584e+00
1.922834224399165404e+00
1.920245868799947964e+00
1.917664574594046600e+00
1.915090325002360760e+00
1.912523103271227765e+00
1.909962892672439239e+00
1.907409676503259544e+00
1.904863438086442651e+00
1.902324160770249240e+00
1.899791827928464016e+00
1.897266422960413257e+00
1.894747929290981459e+00
1.892236330370628883e+00
1.889731609675408208e+00
1.887233750706981628e+00
1.884742736992637724e+00
1.882258552085308789e+00
1.879781179563586591e+00
1.877310603031739911e+00
1.874846806119730758e+00
1.872389772483231241e+00
1.869939485803639778e+00
1.867495929788097531e+00
1.865059088169504609e+00
1.862628944706536283e+00
1.860205483183659192e+00
1.857788687411147555e+00
1.855378541225098266e+00
1.852975028487447773e+00
1.850578133085986732e+00
1.848187838934376659e+00
1.845804129972164365e+00
1.843426990164798163e+00
1.841056403503642525e+00
1.838692354005993401e+00
1.836334825715093322e+00
1.833983802700146493e+00
1.831639269056333008e+00
1.829301208904823728e+00
1.826969606392794931e+00
1.824644445693442529e+00
1.822325711005996496e+00
1.820013386555734636e+00
1.817707456593996795e+00
1.815407905398198407e+00
1.813114717271844478e+00
1.810827876544543136e+00
1.808547367572018505e+00
1.806273174736124254e+00
1.804005282444857139e+00
1.801743675132368994e+00
1.799488337258980053e+00
1.797239253311191387e+00
1.794996407801697780e+00
1.792759785269399053e+00
1.790529370279413168e+00
1.788305147423087549e+00
1.786087101318011072e+00
1.783875216608025838e+00
1.781669477963238268e+00
1.779469870080030658e+00
1.777276377681071828e+00
1.775088985515328677e+00
1.772907678358076389e+00
1.770732441010909097e+00
1.768563258301750762e+00
1.766400115084864275e+00
1.764242996240862782e+00
1.762091886676718344e+00
1.759946771325772152e+00
1.757807635147743852e+00
1.755674463128741092e+00
1.753547240281267738e+00
1.751425951644233869e+00
1.749310582282963544e+00
1.747201117289203687e+00
1.745097541781132078e+00
1.742999840903365794e+00
1.740907999826968977e+00
1.738822003749460388e+00
1.736741837894820950e+00
1.734667487513501083e+00
1.732598937882427581e+00
1.730536174305010499e+00
1.728479182111150259e+00
1.726427946657243417e+00
1.724382453326189335e+00
1.722342687527396388e+00
1.720308634696787076e+00
1.718280280296804241e+00
1.716257609816416396e+00
1.714240608771122609e+00
1.712229262702957833e+00
1.710223557180497567e+00
1.708223477798862300e+00
1.706229010179721506e+00
1.704240139971298751e+00
1.702256852848374358e+00
1.700279134512290069e+00
1.698306970690951712e+00
1.696340347138833193e+00
1.694379249636978946e+00
1.692423663993007033e+00
1.690473576041111370e+00
1.688528971642064613e+00
1.686589836683219712e+00
1.684656157078512129e+00
1.682727918768461395e+00
1.680805107720172664e+00
1.678887709927337824e+00
1.676975711410236825e+00
1.675069098215737906e+00
1.673167856417298482e+00
1.671271972114965809e+00
1.669381431435376095e+00
1.667496220531755391e+00
1.665616325583918478e+00
1.663741732798269091e+00
1.661872428407798141e+00
1.660008398672083496e+00
1.658149629877288422e+00
1.656296108336159589e+00
1.654447820388026180e+00
1.652604752398797672e+00
1.650766890760961170e+00
1.648934221893579410e+00
1.647106732242288096e+00
1.645284408279293231e+00
1.643467236503367346e+00
1.641655203439846611e+00
1.639848295640627507e+00
1.638046499684162827e+00
1.636249802175457013e+00
1.634458189746063050e+00
1.632671649054076912e+00
1.630890166784133788e+00
1.629113729647402309e+00
1.627342324381579663e+00
1.625575937750886713e+00
1.623814556546061549e+00
1.622058167584354171e+00
1.620306757709520040e+00
1.618560313791813865e+00
1.616818822727983163e+00
1.615082271441261597e+00
1.613350646881361428e+00
1.611623936024466852e+00
1.609902125873226453e+00
1.608185203456744983e+00
1.606473155830575816e+00
1.604765970076713177e+00
1.603063633303582813e+00
1.601366132646034446e+00
1.599673455265332001e+00
1.597985588349145170e+00
1.596302519111540086e+00
1.594624234792969331e+00
1.592950722660262608e+00
1.591281970006616531e+00
1.589617964151585072e+00
1.587958692441068020e+00
1.586304142247301430e+00
1.584654300968846075e+00
1.583009156030576570e+00
1.581368694883670267e+00
1.579732905005595267e+00
1.578101773900099314e+00
1.576475289097197141e+00
1.574853438153158702e+00
1.573236208650496515e+00
1.571623588197953225e+00
1.570015564430488730e+00
1.568412125009267077e+00
1.566813257621642919e+00
1.565218949981148633e+00
1.563629189827479671e+00
1.562043964926481676e+00
1.560463263070135387e+00
1.558887072076542868e+00
1.557315379789912857e+00
1.555748174080545443e+00
1.554185442844817633e+00
1.552627174005168031e+00
1.551073355510081297e+00
1.549523975334072379e+00
1.547979021477670747e+00
1.546438481967404410e+00
1.544902344855783483e+00
1.543370598221283752e+00
1.541843230168330248e+00
1.540320228827280147e+00
1.538801582354405006e+00
1.537287278931874779e+00
1.535777306767739159e+00
1.534271654095910264e+00
1.532770309176144652e+00
1.531273260294025551e+00
1.529780495760943770e+00
1.528292003914079933e+00
1.526807773116385381e+00
1.525327791756563078e+00
1.523852048249048741e+00
1.522380531033991513e+00
1.520913228577234211e+00
1.519450129370293778e+00
1.517991221930341306e+00
1.516536494800181822e+00
1.515085936548234313e+00
1.513639535768510624e+00
1.512197281080595701e+00
1.510759161129625383e+00
1.509325164586266643e+00
1.507895280146695605e+00
1.506469496532576002e+00
1.505047802491037867e+00
1.503630186794655765e+00
1.502216638241426372e+00
1.500807145654746488e+00
1.499401697883390838e+00
1.498000283801489196e+00
1.496602892308503518e+00
1.495209512329205737e+00
1.493820132813653778e+00
1.492434742737168696e+00
1.491053331100311352e+00
1.489675886928858439e+00
1.488302399273778498e+00
1.486932857211208603e+00
1.485567249842429272e+00
1.484205566293841150e+00
1.482847795716939698e+00
1.481493927288290546e+00
1.480143950209505066e+00
1.478797853707214838e+00
1.477455627033046781e+00
1.476117259463597842e+00
1.474782740300409012e+00
1.473452058869940240e+00
1.472125204523543784e+00
1.470802166637438679e+00
1.469482934612684755e+00
1.468167497875155547e+00
1.466855845875512543e+00
1.465547968089177866e+00
1.464243854016307855e+00
1.462943493181765753e+00
1.461646875135094836e+00
1.460353989450490886e+00
1.459064825726774650e+00
1.457779373587364757e+00
1.456497622680249071e+00
1.455219562677957379e+00
1.453945183277533415e+00
1.452674474200505772e+00
1.451407425192860590e+00
1.450144026025012467e+00
1.448884266491775596e+00
1.447628136412335564e+00
1.446375625630219597e+00
1.445126724013268138e+00
1.443881421453605318e+00
1.442639707867609422e+00
1.441401573195883357e+00
1.440167007403225563e+00
1.438936000478599375e+00
1.437708542435103487e+00
1.436484623309941755e+00
1.435264233164393000e+00
1.434047362083781030e+00
1.432834000177443112e+00
1.431624137578700662e+00
1.430417764444827267e+00
1.429214870957018713e+00
1.428015447320361675e+00
1.426819483763802188e+00
1.425626970540114780e+00
1.424437897925870944e+00
1.423252256221407830e+00
1.422070035750796269e+00
1.420891226861809242e+00
1.419715819925889910e+00
1.418543805338119190e+00
1.417375173517184228e+00
1.416209914905346201e+00
1.415048019968407234e+00
1.413889479195678422e+00
1.412734283099947197e+00
1.411582422217444455e+00
1.410433887107811701e+00
1.409288668354068630e+00
1.408146756562579149e+00
1.407008142363018965e+00
1.405872816408341830e+00
1.404740769374746456e+00
1.403611991961642769e+00
1.402486474891618817e+00
1.401364208910406361e+00
1.400245184786847563e+00
1.399129393312860570e+00
1.398016825303406208e+00
1.396907471596453343e+00
1.395801323052944909e+00
1.394698370556763045e+00
1.393598605014695568e+00
1.392502017356400890e+00
1.391408598534373153e+00
1.390318339523908264e+00
1.389231231323068583e+00
1.388147264952648063e+00
1.387066431456137394e+00
1.385988721899688914e+00
1.384914127372081305e+00
1.383842638984684514e+00
1.382774247871424222e+00
1.381708945188746540e+00
1.380646722115582481e+00
1.379587569853312212e+00
1.378531479625729750e+00
1.377478442679006543e+00
1.376428450281656168e+00
1.375381493724498139e+00
1.374337564320622151e+00
1.373296653405351453e+00
1.372258752336207310e+00
1.371223852492872375e+00
1.370191945277154266e+00
1.369163022112949601e+00
1.368137074446206913e+00
1.367114093744890679e+00
1.366094071498944462e+00
1.365076999220254050e+00
1.364062868442611043e+00
1.363051670721675546e+00
1.362043397634939534e+00
1.361038040781689995e+00
1.360035591782971842e+00
1.359036042281550616e+00
1.358039383941875400e+00
1.357045608450041518e+00
1.356054707513753455e+00
1.355066672862287547e+00
1.354081496246454019e+00
