4.598641659240279012e+00
4.583886993783490738e+00
4.569185345305571744e+00
4.554536515818410791e+00
4.539940308973367422e+00
4.525396530036896792e+00
4.510904985866568850e+00
4.496465484887467667e+00
4.482077837068966453e+00
4.467741853901865845e+00
4.453457348375900793e+00
4.439224134957592049e+00
4.425042029568453827e+00
4.410910849563534519e+00
4.396830413710295815e+00
4.382800542167820446e+00
4.368821056466341446e+00
4.354891779487084058e+00
4.341012535442423825e+00
4.327183149856347555e+00
4.313403449545211821e+00
4.299673262598797230e+00
4.285992418361651346e+00
4.272360747414715831e+00
4.258778081557230699e+00
4.245244253788913014e+00
4.231759098292404708e+00
4.218322450415985969e+00
4.204934146656546190e+00
4.191594024642810723e+00
4.178301923118818095e+00
4.165057681927646804e+00
4.151861141995381033e+00
4.138712145315314395e+00
4.125610534932391715e+00
4.112556154927877294e+00
4.099548850404253209e+00
4.086588467470336106e+00
4.073674853226617820e+00
4.060807855750817374e+00
4.047987324083648808e+00
4.035213108214795064e+00
4.022485059069087043e+00
4.009803028492886945e+00
3.997166869240666998e+00
3.984576434961787150e+00
3.972031580187462385e+00
3.959532160317921878e+00
3.947078031609752902e+00
3.934669051163429909e+00
3.922305076911021704e+00
3.909985967604080237e+00
3.897711582801701713e+00
3.885481782858761779e+00
3.873296428914320355e+00
3.861155382880194331e+00
3.849058507429693243e+00
3.837005665986520597e+00
3.824996722713832842e+00
3.813031542503456439e+00
3.801109990965261254e+00
3.789231934416685377e+00
3.777397239872413603e+00
3.765605775034201130e+00
3.753857408280846464e+00
3.742152008658308215e+00
3.730489445869964005e+00
3.718869590267008807e+00
3.707292312838994075e+00
3.695757485204501869e+00
3.684264979601953094e+00
3.672814668880549860e+00
3.661406426491347954e+00
3.650040126478458102e+00
3.638715643470375127e+00
3.627432852671433672e+00
3.616191629853385603e+00
3.604991851347100873e+00
3.593833394034390505e+00
3.582716135339944596e+00
3.571639953223392894e+00
3.560604726171476830e+00
3.549610333190338807e+00
3.538656653797922935e+00
3.527743568016487252e+00
3.516870956365226952e+00
3.506038699853004648e+00
3.495246679971189430e+00
3.484494778686600736e+00
3.473782878434556576e+00
3.463110862112025234e+00
3.452478613070879110e+00
3.441886015111248476e+00
3.431332952474974718e+00
3.420819309839163047e+00
3.410344972309828915e+00
3.399909825415643461e+00
3.389513755101771775e+00
3.379156647723803975e+00
3.368838390041780873e+00
3.358558869214307574e+00
3.348317972792759001e+00
3.338115588715575122e+00
3.327951605302641003e+00
3.317825911249757453e+00
3.307738395623193828e+00
3.297688947854328756e+00
3.287677457734371256e+00
3.277703815409168442e+00
3.267767911374092282e+00
3.257869636469006736e+00
3.248008881873317932e+00
3.238185539101099852e+00
3.228399499996299937e+00
3.218650656728021975e+00
3.208938901785884035e+00
3.199264127975452343e+00
3.189626228413749764e+00
3.180025096524838446e+00
3.170460626035473517e+00
3.160932710970831394e+00
3.151441245650305589e+00
3.141986124683377568e+00
3.132567242965552001e+00
3.123184495674365735e+00
3.113837778265460265e+00
3.104526986468724381e+00
3.095252016284502972e+00
3.086012763979869344e+00
3.076809126084965484e+00
3.067640999389404044e+00
3.058508280938735613e+00
3.049410868030977717e+00
3.040348658213205102e+00
3.031321549278204852e+00
3.022329439261187911e+00
3.013372226436562773e+00
3.004449809314769126e+00
2.995562086639168786e+00
2.986708957382994800e+00
2.977890320746358732e+00
2.969106076153313900e+00
2.960356123248975457e+00
2.951640361896695541e+00
2.942958692175291713e+00
2.934311014376333127e+00
2.925697229001475996e+00
2.917117236759856791e+00
2.908570938565532504e+00
2.900058235534977769e+00
2.891579028984629485e+00
2.883133220428484300e+00
2.874720711575744936e+00
2.866341404328515807e+00
2.857995200779549272e+00
2.849682003210038062e+00
2.841401714087457453e+00
2.833154236063452291e+00
2.824939471971773752e+00
2.816757324826259179e+00
2.808607697818860327e+00
2.800490494317714685e+00
2.792405617865261647e+00
2.784352972176403540e+00
2.776332461136710172e+00
2.768343988800665123e+00
2.760387459389956444e+00
2.752462777291806439e+00
2.744569847057346301e+00
2.736708573400029820e+00
2.728878861194087513e+00
2.721080615473021602e+00
2.713313741428140080e+00
2.705578144407128960e+00
2.697873729912665386e+00
2.690200403601066270e+00
2.682558071280975565e+00
2.674946638912089281e+00
2.667366012603916481e+00
2.659816098614576685e+00
2.652296803349631915e+00
2.644808033360957378e+00
2.637349695345641898e+00
2.629921696144927434e+00
2.622523942743180569e+00
2.615156342266895972e+00
2.607818801983736723e+00
2.600511229301603500e+00
2.593233531767738409e+00
2.585985617067859010e+00
2.578767393025324317e+00
2.571578767600332771e+00
2.564419648889148640e+00
2.557289945123360386e+00
2.550189564669166575e+00
2.543118416026693751e+00
2.536076407829340518e+00
2.529063448843152262e+00
2.522079447966221633e+00
2.515124314228118330e+00
2.508197956789346428e+00
2.501300284940825680e+00
2.494431208103403463e+00
2.487590635827388486e+00
2.480778477792114245e+00
2.473994643805523364e+00
2.467239043803780341e+00
2.460511587850907844e+00
2.453812186138445650e+00
2.447140748985135339e+00
2.440497186836626309e+00
2.433881410265207546e+00
2.427293329969558489e+00
2.420732856774524766e+00
2.414199901630914802e+00
2.407694375615318627e+00
2.401216189929946232e+00
2.394765255902488565e+00
2.388341484985998076e+00
2.381944788758789233e+00
2.375575078924359040e+00
2.369232267311326634e+00
2.362916265873392430e+00
2.356626986689315473e+00
2.350364341962908998e+00
2.344128244023055085e+00
2.337918605323735743e+00
2.331735338444081762e+00
2.325578356088438436e+00
2.319447571086448612e+00
2.313342896393150827e+00
2.307264245089095223e+00
2.301211530380473214e+00
2.295184665599264484e+00
2.289183564203396859e+00
2.283208139776923495e+00
2.277258306030211621e+00
2.271333976800148591e+00
2.265435066050358159e+00
2.259561487871433627e+00
2.253713156481182533e+00
2.247889986224883785e+00
2.242091891575558105e+00
2.236318787134252251e+00
2.230570587630331225e+00
2.224847207921786918e+00
2.219148562995555185e+00
2.213474567967844031e+00
2.207825138084475114e+00
2.202200188721232799e+00
2.196599635384226090e+00
2.191023393710257672e+00
2.185471379467206710e+00
2.179943508554417431e+00
2.174439697003097915e+00
2.168959860976729992e+00
2.163503916771484015e+00
2.158071780816645635e+00
2.152663369675048344e+00
2.147278600043514896e+00
2.141917388753306284e+00
2.136579652770578264e+00
2.131265309196844093e+00
2.125974275269445268e+00
2.120706468362028474e+00
2.115461805985028754e+00
2.110240205786158896e+00
2.105041585550904593e+00
2.099865863203026262e+00
2.094712956805064419e+00
2.089582784558852602e+00
2.084475264806032513e+00
2.079390316028577157e+00
2.074327856849315310e+00
2.069287806032462651e+00
2.064270082484155555e+00
2.059274605252989776e+00
2.054301293530562234e+00
2.049350066652015911e+00
2.044420844096588752e+00
2.039513545488165214e+00
2.034628090595830496e+00
2.029764399334427871e+00
2.024922391765117347e+00
2.020101988095938772e+00
2.015303108682374056e+00
2.010525674027913379e+00
2.005769604784622295e+00
2.001034821753710169e+00
1.996321245886100382e+00
1.991628798283000989e+00
1.986957400196476931e+00
1.982306973030022235e+00
1.977677438339133786e+00
1.973068717831884422e+00
1.968480733369496694e+00
1.963913406966916853e+00
1.959366660793388615e+00
1.954840417173026257e+00
1.950334598585388157e+00
1.945849127666048339e+00
1.941383927207168680e+00
1.936938920158069122e+00
1.932514029625797436e+00
1.928109178875698104e+00
1.923724291331978309e+00
1.919359290578274146e+00
1.915014100358214177e+00
1.910688644575981643e+00
1.906382847296874461e+00
1.902096632747863003e+00
1.897829925318146316e+00
1.893582649559705233e+00
1.889354730187853937e+00
1.885146092081787961e+00
1.880956660285129978e+00
1.876786360006472476e+00
1.872635116619918216e+00
1.868502855665616691e+00
1.864389502850297697e+00
1.860294984047802025e+00
1.856219225299608366e+00
1.852162152815356455e+00
1.848123692973366872e+00
1.844103772321157519e+00
1.840102317575955437e+00
1.836119255625205060e+00
1.832154513527072925e+00
1.828208018510947053e+00
1.824279697977933434e+00
1.820369479501347421e+00
1.816477290827200664e+00
1.812603059874684508e+00
1.808746714736646943e+00
1.804908183680066891e+00
1.801087395146522718e+00
1.797284277752655868e+00
1.793498760290629823e+00
1.789730771728584635e+00
1.785980241211084785e+00
1.782247098059563939e+00
1.778531271772763045e+00
1.774832692027163761e+00
1.771151288677416780e+00
1.767486991756763715e+00
1.763839731477454986e+00
1.760209438231161272e+00
1.756596042589379181e+00
1.752999475303832044e+00
1.749419667306864712e+00
1.745856549711832351e+00
1.742310053813484139e+00
1.738780111088339853e+00
1.735266653195061792e+00
1.731769611974820711e+00
1.728288919451655081e+00
1.724824507832824150e+00
1.721376309509156322e+00
1.717944257055390000e+00
1.714528283230509098e+00
1.711128320978072104e+00
1.707744303426534715e+00
1.704376163889566920e+00
1.701023835866362965e+00
1.697687253041945565e+00
1.694366349287463658e+00
1.691061058660483951e+00
1.687771315405275585e+00
1.684497053953089019e+00
1.681238208922427813e+00
1.677994715119314639e+00
1.674766507537550853e+00
1.671553521358968286e+00
1.668355691953676390e+00
1.665172954880301814e+00
1.662005245886221338e+00
1.658852500907788574e+00
1.655714656070554236e+00
1.652591647689479526e+00
1.649483412269143301e+00
1.646389886503942579e+00
1.643311007278285940e+00
1.640246711666780932e+00
1.637196936934414815e+00
1.634161620536728421e+00
1.631140700119983800e+00
1.628134113521324755e+00
1.625141798768931611e+00
1.622163694082168206e+00
1.619199737871723555e+00
1.616249868739745965e+00
1.613314025479971159e+00
1.610392147077843727e+00
1.607484172710631265e+00
1.604590041747533613e+00
1.601709693749783447e+00
1.598843068470742645e+00
1.595990105855989549e+00
1.593150746043402455e+00
1.590324929363234441e+00
1.587512596338182869e+00
1.584713687683451555e+00
1.581928144306807837e+00
1.579155907308632090e+00
1.576396917981960799e+00
1.573651117812523870e+00
1.570918448478775709e+00
1.568198851851918985e+00
1.565492269995922836e+00
1.562798645167534861e+00
1.560117919816285781e+00
1.557450036584489661e+00
1.554794938307236141e+00
1.552152568012377332e+00
1.549522868920508278e+00
1.546905784444941867e+00
1.544301258191676851e+00
1.541709233959359659e+00
1.539129655739241320e+00
1.536562467715126834e+00
1.534007614263319885e+00
1.531465039952560669e+00
1.528934689543958170e+00
1.526416507990916660e+00
1.523910440439055547e+00
1.521416432226124549e+00
1.518934428881912435e+00
1.516464376128149549e+00
1.514006219878405668e+00
1.511559906237980977e+00
1.509125381503792607e+00
1.506702592164254506e+00
1.504291484899152209e+00
1.501892006579512051e+00
1.499504104267464388e+00
1.497127725216102156e+00
1.494762816869333211e+00
1.492409326861728225e+00
1.490067203018361930e+00
1.487736393354650133e+00
1.485416846076180519e+00
1.483108509578539458e+00
1.480811332447132145e+00
1.478525263456998751e+00
1.476250251572625238e+00
1.473986245947747964e+00
1.471733195925155169e+00
1.469491051036481588e+00
1.467259761001999951e+00
1.465039275730405599e+00
1.462829545318597546e+00
1.460630520051455106e+00
1.458442150401608073e+00
1.456264387029203577e+00
1.454097180781667609e+00
1.451940482693462542e+00
1.449794243985839115e+00
1.447658416066584408e+00
1.445532950529765381e+00
1.443417799155467751e+00
1.441312913909530646e+00
1.439218246943276158e+00
1.437133750593235559e+00
1.435059377380870860e+00
1.432995080012291922e+00
1.430940811377968913e+00
1.428896524552442315e+00
1.426862172794026495e+00
1.424837709544511055e+00
1.422823088428857741e+00
1.420818263254892244e+00
1.418823188012993786e+00
1.416837816875779588e+00
1.414862104197786019e+00
1.412896004515145743e+00
1.410939472545261308e+00
1.408992463186474975e+00
1.407054931517734753e+00
1.405126832798256675e+00
1.403208122467183960e+00
1.401298756143243063e+00
1.399398689624394398e+00
1.397507878887481514e+00
1.395626280087876703e+00
1.393753849559121738e+00
1.391890543812567271e+00
1.390036319537007348e+00
1.388191133598312144e+00
1.386354943039056264e+00
1.384527705078144821e+00
1.382709377110436177e+00
1.380899916706361141e+00
1.379099281611540162e+00
1.377307429746396972e+00
1.375524319205769119e+00
1.373749908258516061e+00
1.371984155347124812e+00
1.370227019087311593e+00
1.368478458267622155e+00
1.366738431849028546e+00
1.365006898964523430e+00
1.363283818918712198e+00
1.361569151187401960e+00
1.359862855417188099e+00
1.358164891425039045e+00
1.356475219197877946e+00
1.354793798892162116e+00
1.353120590833460035e+00
1.351455555516026585e+00
1.349798653602375387e+00
1.348149845922849366e+00
1.346509093475188656e+00
1.344876357424097391e+00
1.343251599100806937e+00
1.341634780002638250e+00
1.340025861792562223e+00
1.338424806298756709e+00
1.336831575514163761e+00
1.335246131596043107e+00
1.333668436865524498e+00
1.332098453807158744e+00
1.330536145068465848e+00
1.328981473459482476e+00
1.327434401952307441e+00
1.325894893680645170e+00
1.324362911939347853e+00
1.322838420183955810e+00
1.321321382030236746e+00
1.319811761253723015e+00
1.318309521789248207e+00
1.316814627730480858e+00
1.315327043329458157e+00
1.313846732996118094e+00
1.312373661297829619e+00
1.310907792958921680e+00
1.309449092860211827e+00
1.307997526038532587e+00
1.306553057686257180e+00
1.305115653150824562e+00
1.303685277934261810e+00
1.302261897692707393e+00
1.300845478235931996e+00
1.299435985526858683e+00
1.298033385681082619e+00
1.296637644966389447e+00
1.295248729802272125e+00
1.293866606759448423e+00
1.292491242559376197e+00
1.291122604073768443e+00
1.289760658324107467e+00
1.288405372481158606e+00
1.287056713864482393e+00
1.285714649941947618e+00
1.284379148329241715e+00
1.283050176789382268e+00
1.281727703232226734e+00
1.280411695713982834e+00
1.279102122436716726e+00
1.277798951747862732e+00
1.276502152139730617e+00
1.275211692249013762e+00
1.273927540856296448e+00
1.272649666885560915e+00
1.271378039403693538e+00
1.270112627619991885e+00
1.268853400885669558e+00
1.267600328693363032e+00
1.266353380676636498e+00
1.265112526609487364e+00
1.263877736405850882e+00
1.262648980119105646e+00
1.261426227941577993e+00
1.260209450204046622e+00
1.258998617375246987e+00
1.257793700061376585e+00
1.256594669005598464e+00
1.255401495087546060e+00
1.254214149322827820e+00
1.253032602862531375e+00
1.251856826992728378e+00
1.250686793133978902e+00
1.249522472840836285e+00
1.248363837801351961e+00
1.247210859836580532e+00
1.246063510900084825e+00
1.244921763077441623e+00
1.243785588585747170e+00
1.242654959773122458e+00
1.241529849118220286e+00
1.240410229229730987e+00
1.239296072845889052e+00
1.238187352833980848e+00
1.237084042189851463e+00
1.235986114037412431e+00
1.234893541628150126e+00
1.233806298340634156e+00
1.232724357680026195e+00
1.231647693277589495e+00
1.230576278890198827e+00
1.229510088399850876e+00
1.228449095813174852e+00
1.227393275260943772e+00
1.226342600997586629e+00
1.225297047400701000e+00
1.224256588970565440e+00
1.223221200329653868e+00
1.222190856222149069e+00
1.221165531513457747e+00
1.220145201189726469e+00
1.219129840357357386e+00
1.218119424242524618e+00
1.217113928190692418e+00
1.216113327666133337e+00
1.215117598251446607e+00
1.214126715647078081e+00
1.213140655670841062e+00
1.212159394257436240e+00
1.211182907457975189e+00
1.210211171439501632e+00
1.209244162484515828e+00
1.208281856990498726e+00
1.207324231469437015e+00
1.206371262547349277e+00
1.205422926963812591e+00
1.204479201571490687e+00
1.203540063335662325e+00
1.202605489333750777e+00
1.201675456754854432e+00
1.200749942899278055e+00
1.199828925178064942e+00
1.198912381112530401e+00
1.198000288333795904e+00
1.197092624582323905e+00
1.196189367707454654e+00
1.195290495666942787e+00
1.194395986526495479e+00
1.193505818459311696e+00
1.192619969745622344e+00
1.191738418772231745e+00
1.190861144032059338e+00
1.189988124123683377e+00
1.189119337750884853e+00
1.188254763722193630e+00
1.187394380950434147e+00
1.186538168452273556e+00
1.185686105347770081e+00
1.184838170859922934e+00
1.183994344314223568e+00
1.183154605138206916e+00
1.182318932861005090e+00
1.181487307112901730e+00
1.180659707624887256e+00
1.179836114228215660e+00
1.179016506853961754e+00
1.178200865532580854e+00
1.177389170393468465e+00
1.176581401664521520e+00
1.175777539671700955e+00
1.174977564838595390e+00
1.174181457685986363e+00
1.173389198831413571e+00
1.172600768988743214e+00
1.171816148967735893e+00
1.171035319673616293e+00
1.170258262106644853e+00
1.169484957361689226e+00
1.168715386627798170e+00
1.167949531187776335e+00
1.167187372417759939e+00
1.166428891786794653e+00
1.165674070856413280e+00
1.164922891280216088e+00
1.164175334803451811e+00
1.163431383262600205e+00
1.162691018584955049e+00
1.161954222788209590e+00
1.161220977980042868e+00
1.160491266357706497e+00
1.159765070207614324e+00
1.159042371904932311e+00
1.158323153913169534e+00
1.157607398783771169e+00
1.156895089155713041e+00
1.156186207755096396e+00
1.155480737394744439e+00
1.154778660973801108e+00
1.154079961477329830e+00
1.153384621975914293e+00
1.152692625625260758e+00
1.152003955665800827e+00
1.151318595422296864e+00
1.150636528303447204e+00
1.149957737801494462e+00
1.149282207491833185e+00
1.148609921032620607e+00
1.147940862164388065e+00
1.147275014709653540e+00
1.146612362572535515e+00
1.145952889738369063e+00
1.145296580273322373e+00
1.144643418324014394e+00
1.143993388117135135e+00
1.143346473959066412e+00
1.142702660235503487e+00
1.142061931411079589e+00
1.141424272028990217e+00
1.140789666710619654e+00
1.140158100155168608e+00
1.139529557139283611e+00
1.138904022516686876e+00
1.138281481217808588e+00
1.137661918249419868e+00
1.137045318694267060e+00
1.136431667710708027e+00
1.135820950532349105e+00
1.135213152467684061e+00
1.134608258899733491e+00
1.134006255285686882e+00
1.133407127156544680e+00
1.132810860116762797e+00
1.132217439843897999e+00
1.131626852088254420e+00
1.131039082672532281e+00
1.130454117491476840e+00
1.129871942511529559e+00
1.129292543770480384e+00
1.128715907377121574e+00
1.128142019510902205e+00
1.127570866421584883e+00
1.127002434428903355e+00
1.126436709922221668e+00
1.125873679360194224e+00
1.125313329270427820e+00
1.124755646249145258e+00
1.124200616960848720e+00
1.123648228137986482e+00
1.123098466580619847e+00
1.122551319156091854e+00
1.122006772798696650e+00
1.121464814509351093e+00
1.120925431355267454e+00
1.120388610469627011e+00
1.119854339051255643e+00
1.119322604364299867e+00
1.118793393737905317e+00
1.118266694565895891e+00
1.117742494306454004e+00
1.117220780481803066e+00
1.116701540677890181e+00
1.116184762544071285e+00
1.115670433792796734e+00
1.115158542199298219e+00
1.114649075601278128e+00
1.114142021898598678e+00
1.113637369052973725e+00
1.113135105087660337e+00
1.112635218087153710e+00
1.112137696196881631e+00
1.111642527622900944e+00
1.111149700631595572e+00
1.110659203549375196e+00
1.110171024762375724e+00
1.109685152716161083e+00
1.109201575915425897e+00
1.108720282923699729e+00
1.108241262363052870e+00
1.107764502913802573e+00
1.107289993314221510e+00
1.106817722360247114e+00
1.106347678905192256e+00
1.105879851859456586e+00
1.105414230190240543e+00
1.104950802921258912e+00
1.104489559132457277e+00
1.104030487959728246e+00
1.103573578594630566e+00
1.103118820284107793e+00
1.102666202330209178e+00
1.102215714089812115e+00
1.101767344974344587e+00
1.101321084449510268e+00
1.100876922035013861e+00
1.100434847304288422e+00
1.099994849884222692e+00
1.099556919454891757e+00
1.099121045749286152e+00
1.098687218553045186e+00
1.098255427704188936e+00
1.097825663092853121e+00
1.097397914661023988e+00
1.096972172402275847e+00
1.096548426361508177e+00
1.096126666634685387e+00
1.095706883368576356e+00
1.095289066760496866e+00
1.094873207058051356e+00
1.094459294558877582e+00
1.094047319610391034e+00
1.093637272609531808e+00
1.093229144002511477e+00
1.092822924284561958e+00
1.092418603999685267e+00
1.092016173740404161e+00
1.091615624147514785e+00
1.091216945909839531e+00
1.090820129763981239e+00
1.090425166494079390e+00
1.090032046931566301e+00
1.089640761954924875e+00
1.089251302489448348e+00
1.088863659506999371e+00
1.088477824025772200e+00
1.088093787110054222e+00
1.087711539869990363e+00
1.087331073461347275e+00
1.086952379085278642e+00
1.086575447988092913e+00
1.086200271461020606e+00
1.085826840839983820e+00
1.085455147505365980e+00
1.085085182881783572e+00
1.084716938437858325e+00
1.084350405685990726e+00
1.083985576182134203e+00
1.083622441525571301e+00
1.083260993358690083e+00
1.082901223366762311e+00
1.082543123277721620e+00
1.082186684861943915e+00
1.081831899932028218e+00
1.081478760342579060e+00
1.081127257989989321e+00
1.080777384812223962e+00
1.080429132788605973e+00
1.080082493939602317e+00
1.079737460326611220e+00
1.079394024051750334e+00
1.079052177257646461e+00
1.078711912127225725e+00
1.078373220883504846e+00
1.078036095789383753e+00
1.077700529147439301e+00
1.077366513299719220e+00
1.077034040627537825e+00
1.076703103551272855e+00
1.076373694530162073e+00
1.076045806062102761e+00
1.075719430683450328e+00
1.075394560968819357e+00
1.075071189530884652e+00
1.074749309020184063e+00
1.074428912124921753e+00
1.074109991570772360e+00
1.073792540120686478e+00
1.073476550574697264e+00
1.073162015769727029e+00
1.072848928579396288e+00
1.072537281913832130e+00
1.072227068719479259e+00
1.071918281978910370e+00
1.071610914710638296e+00
1.071304959968929271e+00
1.071000410843616635e+00
1.070697260459915645e+00
1.070395501978239405e+00
1.070095128594015454e+00
1.069796133537503025e+00
1.069498510073612074e+00
1.069202251501722767e+00
1.068907351155505170e+00
1.068613802402741175e+00
1.068321598645146420e+00
1.068030733318193093e+00
1.067741199890933856e+00
1.067452991865827316e+00
1.067166102778563053e+00
1.066880526197888424e+00
1.066596255725436038e+00
1.066313284995552113e+00
1.066031607675125725e+00
1.065751217463418721e+00
1.065472108091896741e+00
1.065194273324060914e+00
1.064917706955280874e+00
1.064642402812628008e+00
1.064368354754709589e+00
1.064095556671504239e+00
1.063824002484197839e+00
1.063553686145020771e+00
1.063284601637084936e+00
1.063016742974222772e+00
1.062750104200826495e+00
1.062484679391688225e+00
1.062220462651841002e+00
1.061957448116400693e+00
1.061695629950408559e+00
1.061435002348674494e+00
1.061175559535621593e+00
1.060917295765130719e+00
1.060660205320386629e+00
1.060404282513724539e+00
1.060149521686477803e+00
1.059895917208825367e+00
1.059643463479641667e+00
1.059392154926345642e+00
1.059141986004751290e+00
1.058892951198919574e+00
1.058645045021010089e+00
1.058398262011133406e+00
1.058152596737205631e+00
1.057908043794802078e+00
1.057664597807012274e+00
1.057422253424296521e+00
1.057181005324341561e+00
1.056940848211918471e+00
1.056701776818740779e+00
1.056463785903322794e+00
1.056226870250839722e+00
1.055991024672987555e+00
1.055756244007844291e+00
1.055522523119731160e+00
1.055289856899075618e+00
1.055058240262274127e+00
1.054827668151556486e+00
1.054598135534849712e+00
1.054369637405643934e+00
1.054142168782858047e+00
1.053915724710706270e+00
1.053690300258565804e+00
1.053465890520844717e+00
1.053242490616850935e+00
1.053020095690661240e+00
1.052798700910991592e+00
1.052578301471067901e+00
1.052358892588497685e+00
1.052140469505141951e+00
1.051923027486988405e+00
1.051706561824024000e+00
1.051491067830110371e+00
1.051276540842857266e+00
1.051062976223499312e+00
1.050850369356771008e+00
1.050638715650784150e+00
1.050428010536905044e+00
1.050218249469632381e+00
1.050009427926476224e+00
1.049801541407836991e+00
1.049594585436885774e+00
1.049388555559444436e+00
1.049183447343867481e+00
1.048979256380923264e+00
1.048775978283676746e+00
1.048573608687372483e+00
1.048372143249318489e+00
1.048171577648770114e+00
1.047971907586815465e+00
1.047773128786260610e+00
1.047575236991515890e+00
1.047378227968482456e+00
1.047182097504439691e+00
1.046986841407933078e+00
1.046792455508662512e+00
1.046598935657371943e+00
1.046406277725738576e+00
1.046214477606263182e+00
1.046023531212161073e+00
1.045833434477253299e+00
1.045644183355858958e+00
1.045455773822687728e+00
1.045268201872732616e+00
1.045081463521164045e+00
1.044895554803223936e+00
1.044710471774120686e+00
1.044526210508924136e+00
1.044342767102461655e+00
1.044160137669215338e+00
1.043978318343217859e+00
1.043797305277950782e+00
1.043617094646242638e+00
1.043437682640167230e+00
1.043259065470943048e+00
1.043081239368833346e+00
1.042904200583045560e+00
1.042727945381632715e+00
1.042552470051394842e+00
1.042377770897780165e+00
1.042203844244788291e+00
1.042030686434872511e+00
1.041858293828843207e+00
1.041686662805771935e+00
1.041515789762895938e+00
1.041345671115522675e+00
1.041176303296935890e+00
1.041007682758300801e+00
1.040839805968571286e+00
1.040672669414395957e+00
1.040506269600026457e+00
1.040340603047224866e+00
1.040175666295171997e+00
1.040011455900376802e+00
