2.834981412158738667e+00
2.833791697016299072e+00
2.832604153517298329e+00
2.831418771975231952e+00
2.830235542777195690e+00
2.829054456383098604e+00
2.827875503324883688e+00
2.826698674205763151e+00
2.825523959699461241e+00
2.824351350549469064e+00
2.823180837568308288e+00
2.822012411636805940e+00
2.820846063703379425e+00
2.819681784783329093e+00
2.818519565958142348e+00
2.817359398374805757e+00
2.816201273245127812e+00
2.815045181845069244e+00
2.813891115514083108e+00
2.812739065654462856e+00
2.811589023730700188e+00
2.810440981268850003e+00
2.809294929855905565e+00
2.808150861139179000e+00
2.807008766825692891e+00
2.805868638681578098e+00
2.804730468531479115e+00
2.803594248257968324e+00
2.802459969800967343e+00
2.801327625157175039e+00
2.800197206379504866e+00
2.799068705576526206e+00
2.797942114911916356e+00
2.796817426603916523e+00
2.795694632924797141e+00
2.794573726200328512e+00
2.793454698809257675e+00
2.792337543182793702e+00
2.791222251804097887e+00
2.790108817207780589e+00
2.788997231979405189e+00
2.787887488754996479e+00
2.786779580220557495e+00
2.785673499111590345e+00
2.784569238212623699e+00
2.783466790356746490e+00
2.782366148425146068e+00
2.781267305346653451e+00
2.780170254097293903e+00
2.779074987699841515e+00
2.777981499223380890e+00
2.776889781782874156e+00
2.775799828538730640e+00
2.774711632696385433e+00
2.773625187505880607e+00
2.772540486261451775e+00
2.771457522301119969e+00
2.770376289006288406e+00
2.769296779801343256e+00
2.768218988153261062e+00
2.767142907571217503e+00
2.766068531606205028e+00
2.764995853850651386e+00
2.763924867938043484e+00
2.762855567542557012e+00
2.761787946378689185e+00
2.760721998200896365e+00
2.759657716803234351e+00
2.758595096019005766e+00
2.757534129720407901e+00
2.756474811818188542e+00
2.755417136261301359e+00
2.754361097036569284e+00
2.753306688168349670e+00
2.752253903718202999e+00
2.751202737784566033e+00
2.750153184502429404e+00
2.749105238043016985e+00
2.748058892613470583e+00
2.747014142456536856e+00
2.745970981850259118e+00
2.744929405107671361e+00
2.743889406576496715e+00
2.742850980638847691e+00
2.741814121710931307e+00
2.740778824242757317e+00
2.739745082717849112e+00
2.738712891652957726e+00
2.737682245597779840e+00
2.736653139134676671e+00
2.735625566878399528e+00
2.734599523475815808e+00
2.733575003605637654e+00
2.732552001978155065e+00
2.731530513334971655e+00
2.730510532448742644e+00
2.729492054122915068e+00
2.728475073191472866e+00
2.727459584518682423e+00
2.726445582998843431e+00
2.725433063556038427e+00
2.724422021143889427e+00
2.723412450745314572e+00
2.722404347372287869e+00
2.721397706065601163e+00
2.720392521894629212e+00
2.719388789957096986e+00
2.718386505378850071e+00
2.717385663313625521e+00
2.716386258942827148e+00
2.715388287475303031e+00
2.714391744147123031e+00
2.713396624221362075e+00
2.712402922987882548e+00
2.711410635763121135e+00
2.710419757889876546e+00
2.709430284737100347e+00
2.708442211699688684e+00
2.707455534198278002e+00
2.706470247679040764e+00
2.705486347613484277e+00
2.704503829498252632e+00
2.703522688854928191e+00
2.702542921229837969e+00
2.701564522193858675e+00
2.700587487342226645e+00
2.699611812294348212e+00
2.698637492693612305e+00
2.697664524207205261e+00
2.696692902525926527e+00
2.695722623364007031e+00
2.694753682458928878e+00
2.693786075571248162e+00
2.692819798484416438e+00
2.691854847004608420e+00
2.690891216960546561e+00
2.689928904203330973e+00
2.688967904606270221e+00
2.688008214064712131e+00
2.687049828495877701e+00
2.686092743838696784e+00
2.685136956053644663e+00
2.684182461122580410e+00
2.683229255048587003e+00
2.682277333855813239e+00
2.681326693589315635e+00
2.680377330314903883e+00
2.679429240118986755e+00
2.678482419108419776e+00
2.677536863410354240e+00
2.676592569172086211e+00
2.675649532560910870e+00
2.674707749763973741e+00
2.673767216988125917e+00
2.672827930459780621e+00
2.671889886424769767e+00
2.670953081148202735e+00
2.670017510914326930e+00
2.669083172026388784e+00
2.668150060806496526e+00
2.667218173595484298e+00
2.666287506752776260e+00
2.665358056656253805e+00
2.664429819702124114e+00
2.663502792304787370e+00
2.662576970896707973e+00
2.661652351928285309e+00
2.660728931867726299e+00
2.659806707200919274e+00
2.658885674431308743e+00
2.657965830079771496e+00
2.657047170684492698e+00
2.656129692800845543e+00
2.655213393001269573e+00
2.654298267875151662e+00
2.653384314028706559e+00
2.652471528084860086e+00
2.651559906683133239e+00
2.650649446479525828e+00
2.649740144146402354e+00
2.648831996372380093e+00
2.647924999862214523e+00
2.647019151336689635e+00
2.646114447532506908e+00
2.645210885202176954e+00
2.644308461113910269e+00
2.643407172051509324e+00
2.642507014814263755e+00
2.641607986216843784e+00
2.640710083089195859e+00
2.639813302276438289e+00
2.638917640638759998e+00
2.638023095051317490e+00
2.637129662404134489e+00
2.636237339602001128e+00
2.635346123564375365e+00
2.634456011225284389e+00
2.633566999533227371e+00
2.632679085451078205e+00
2.631792265955990473e+00
2.630906538039301523e+00
2.630021898706439210e+00
2.629138344976827746e+00
2.628255873883795779e+00
2.627374482474483575e+00
2.626494167809753311e+00
2.625614926964098039e+00
2.624736757025551537e+00
2.623859655095601262e+00
2.622983618289099539e+00
2.622108643734175626e+00
2.621234728572150452e+00
2.620361869957449574e+00
2.619490065057519690e+00
2.618619311052742926e+00
2.617749605136353797e+00
2.616880944514356155e+00
2.616013326405441042e+00
2.615146748040904967e+00
2.614281206664569535e+00
2.613416699532699727e+00
2.612553223913926637e+00
2.611690777089166637e+00
2.610829356351544117e+00
2.609968959006313760e+00
2.609109582370783276e+00
2.608251223774237015e+00
2.607393880557860477e+00
2.606537550074665699e+00
2.605682229689415763e+00
2.604827916778551522e+00
2.603974608730118323e+00
2.603122302943693178e+00
2.602270996830312377e+00
2.601420687812400878e+00
2.600571373323700364e+00
2.599723050809199520e+00
2.598875717725063872e+00
2.598029371538566501e+00
2.597184009728019660e+00
2.596339629782706382e+00
2.595496229202812977e+00
2.594653805499361976e+00
2.593812356194145519e+00
2.592971878819659626e+00
2.592132370919038031e+00
2.591293830045988233e+00
2.590456253764725769e+00
2.589619639649911598e+00
2.588783985286587708e+00
2.587949288270114501e+00
2.587115546206108174e+00
2.586282756710378994e+00
2.585450917408870009e+00
2.584620025937595322e+00
2.583790079942580586e+00
2.582961077079801271e+00
2.582133015015124933e+00
2.581305891424250820e+00
2.580479703992652141e+00
2.579654450415516553e+00
2.578830128397690213e+00
2.578006735653618264e+00
2.577184269907289771e+00
2.576362728892180431e+00
2.575542110351196179e+00
2.574722412036618557e+00
2.573903631710048767e+00
2.573085767142353042e+00
2.572268816113608914e+00
2.571452776413050145e+00
2.570637645839013885e+00
2.569823422198888263e+00
2.569010103309057769e+00
2.568197686994853068e+00
2.567386171090497271e+00
2.566575553439055746e+00
2.565765831892383719e+00
2.564957004311076538e+00
2.564149068564418599e+00
2.563342022530334052e+00
2.562535864095336180e+00
2.561730591154478986e+00
2.560926201611307906e+00
2.560122693377810954e+00
2.559320064374371206e+00
2.558518312529717953e+00
2.557717435780880511e+00
2.556917432073139818e+00
2.556118299359982693e+00
2.555320035603054762e+00
2.554522638772113829e+00
2.553726106844985910e+00
2.552930437807517272e+00
2.552135629653531801e+00
2.551341680384784372e+00
2.550548588010917772e+00
2.549756350549416961e+00
2.548964966025566437e+00
2.548174432472407158e+00
2.547384747930691695e+00
2.546595910448842481e+00
2.545807918082909627e+00
2.545020768896527397e+00
2.544234460960873356e+00
2.543448992354626181e+00
2.542664361163923914e+00
2.541880565482323995e+00
2.541097603410761074e+00
2.540315473057507933e+00
2.539534172538134182e+00
2.538753699975467182e+00
2.537974053499551630e+00
2.537195231247610483e+00
2.536417231364005875e+00
2.535640052000200928e+00
2.534863691314719780e+00
2.534088147473111174e+00
2.533313418647908488e+00
2.532539503018593763e+00
2.531766398771559068e+00
2.530994104100070086e+00
2.530222617204227920e+00
2.529451936290934011e+00
2.528682059573852392e+00
2.527912985273374602e+00
2.527144711616582384e+00
2.526377236837213047e+00
2.525610559175624381e+00
2.524844676878758243e+00
2.524079588200105917e+00
2.523315291399673921e+00
2.522551784743949810e+00
2.521789066505866206e+00
2.521027134964769267e+00
2.520265988406382718e+00
2.519505625122774983e+00
2.518746043412326774e+00
2.517987241579697333e+00
2.517229217935790686e+00
2.516471970797724111e+00
2.515715498488795721e+00
2.514959799338451596e+00
2.514204871682254261e+00
2.513450713861850705e+00
2.512697324224941298e+00
2.511944701125246926e+00
2.511192842922480128e+00
2.510441747982312233e+00
2.509691414676343602e+00
2.508941841382072546e+00
2.508193026482866017e+00
2.507444968367928073e+00
2.506697665432271016e+00
2.505951116076684748e+00
2.505205318707708795e+00
2.504460271737601218e+00
2.503715973584310195e+00
2.502972422671445596e+00
2.502229617428249675e+00
2.501487556289568204e+00
2.500746237695822938e+00
2.500005660092982307e+00
2.499265821932534326e+00
2.498526721671458617e+00
2.497788357772198431e+00
2.497050728702633560e+00
2.496313832936052801e+00
2.495577668951126427e+00
2.494842235231880423e+00
2.494107530267668515e+00
2.493373552553146411e+00
2.492640300588244706e+00
2.491907772878143135e+00
2.491175967933244362e+00
2.490444884269148229e+00
2.489714520406625109e+00
2.488984874871591924e+00
2.488255946195085055e+00
2.487527732913236367e+00
2.486800233567246998e+00
2.486073446703363832e+00
2.485347370872853734e+00
2.484622004631978243e+00
2.483897346541971363e+00
2.483173395169012476e+00
2.482450149084204583e+00
2.481727606863548985e+00
2.481005767087921310e+00
2.480284628343048858e+00
2.479564189219486181e+00
2.478844448312591986e+00
2.478125404222505601e+00
2.477407055554124327e+00
2.476689400917080341e+00
2.475972438925717167e+00
2.475256168199067908e+00
2.474540587360832156e+00
2.473825695039354233e+00
2.473111489867600099e+00
2.472397970483135587e+00
2.471685135528105093e+00
2.470972983649208032e+00
2.470261513497678862e+00
2.469550723729264874e+00
2.468840613004203988e+00
2.468131179987204771e+00
2.467422423347423788e+00
2.466714341758446505e+00
2.466006933898264197e+00
2.465300198449254410e+00
2.464594134098160083e+00
2.463888739536069128e+00
2.463184013458393107e+00
2.462479954564848583e+00
2.461776561559434917e+00
2.461073833150416057e+00
2.460371768050299668e+00
2.459670364975817147e+00
2.458969622647904529e+00
2.458269539791682501e+00
2.457570115136437305e+00
2.456871347415600759e+00
2.456173235366732044e+00
2.455475777731497278e+00
2.454778973255651753e+00
2.454082820689020394e+00
2.453387318785478666e+00
2.452692466302935248e+00
2.451998262003311613e+00
2.451304704652525590e+00
2.450611793020470941e+00
2.449919525881001370e+00
2.449227902011910540e+00
2.448536920194915201e+00
2.447846579215636531e+00
2.447156877863582825e+00
2.446467814932131724e+00
2.445779389218512900e+00
2.445091599523789849e+00
2.444404444652843011e+00
2.443717923414352899e+00
2.443032034620781889e+00
2.442346777088357790e+00
2.441662149637056967e+00
2.440978151090587023e+00
2.440294780276370812e+00
2.439612036025528674e+00
2.438929917172862893e+00
2.438248422556840378e+00
2.437567551019576673e+00
2.436887301406819528e+00
2.436207672567932914e+00
2.435528663355881029e+00
2.434850272627211432e+00
2.434172499242039933e+00
2.433495342064035061e+00
2.432818799960401179e+00
2.432142871801863837e+00
2.431467556462653334e+00
2.430792852820490069e+00
2.430118759756568991e+00
2.429445276155544065e+00
2.428772400905512718e+00
2.428100132898001640e+00
2.427428471027950785e+00
2.426757414193699613e+00
2.426086961296970657e+00
2.425417111242855750e+00
2.424747862939800935e+00
2.424079215299593137e+00
2.423411167237343289e+00
2.422743717671473451e+00
2.422076865523702160e+00
2.421410609719030660e+00
2.420744949185726913e+00
2.420079882855314057e+00
2.419415409662553973e+00
2.418751528545434404e+00
2.418088238445155636e+00
2.417425538306114952e+00
2.416763427075895088e+00
2.416101903705248244e+00
2.415440967148084539e+00
2.414780616361457355e+00
2.414120850305550459e+00
2.413461667943663791e+00
2.412803068242200588e+00
2.412145050170654947e+00
2.411487612701598060e+00
2.410830754810664445e+00
2.410174475476539957e+00
2.409518773680948467e+00
2.408863648408639424e+00
2.408209098647374091e+00
2.407555123387913554e+00
2.406901721624006285e+00
2.406248892352375268e+00
2.405596634572704673e+00
2.404944947287629198e+00
2.404293829502719415e+00
2.403643280226472001e+00
2.402993298470295525e+00
2.402343883248498901e+00
2.401695033578279848e+00
2.401046748479711557e+00
2.400399026975732042e+00
2.399751868092131257e+00
2.399105270857539995e+00
2.398459234303417897e+00
2.397813757464041018e+00
2.397168839376491167e+00
2.396524479080643921e+00
2.395880675619156186e+00
2.395237428037456873e+00
2.394594735383733131e+00
2.393952596708920577e+00
2.393311011066691307e+00
2.392669977513442792e+00
2.392029495108286774e+00
2.391389562913038169e+00
2.390750179992203517e+00
2.390111345412971211e+00
2.389473058245199066e+00
2.388835317561404548e+00
2.388198122436753223e+00
2.387561471949048553e+00
2.386925365178720782e+00
2.386289801208816286e+00
2.385654779124987801e+00
2.385020298015482432e+00
2.384386356971132326e+00
2.383752955085343572e+00
2.383120091454086431e+00
2.382487765175884675e+00
2.381855975351804933e+00
2.381224721085446916e+00
2.380594001482933653e+00
2.379963815652900827e+00
2.379334162706486566e+00
2.378705041757321670e+00
2.378076451921519396e+00
2.377448392317666581e+00
2.376820862066812534e+00
2.376193860292460158e+00
2.375567386120554847e+00
2.374941438679476935e+00
2.374316017100029708e+00
2.373691120515431852e+00
2.373066748061305908e+00
2.372442898875671169e+00
2.371819572098931683e+00
2.371196766873868711e+00
2.370574482345630063e+00
2.369952717661722552e+00
2.369331471972000447e+00
2.368710744428657922e+00
2.368090534186219287e+00
2.367470840401530108e+00
2.366851662233747877e+00
2.366232998844333135e+00
2.365614849397040143e+00
2.364997213057908443e+00
2.364380088995253981e+00
2.363763476379659334e+00
2.363147374383966159e+00
2.362531782183265872e+00
2.361916698954890759e+00
2.361302123878405546e+00
2.360688056135598512e+00
2.360074494910473053e+00
2.359461439389239690e+00
2.358848888760306295e+00
2.358236842214270546e+00
2.357625298943911929e+00
2.357014258144181973e+00
2.356403719012197140e+00
2.355793680747230390e+00
2.355184142550701853e+00
2.354575103626172172e+00
2.353966563179333171e+00
2.353358520417999866e+00
2.352750974552103358e+00
2.352143924793681506e+00
2.351537370356871826e+00
2.350931310457902601e+00
2.350325744315086229e+00
2.349720671148809892e+00
2.349116090181529337e+00
2.348512000637759112e+00
2.347908401744066342e+00
2.347305292729062742e+00
2.346702672823396174e+00
2.346100541259743544e+00
2.345498897272803251e+00
2.344897740099287198e+00
2.344297068977913678e+00
2.343696883149399834e+00
2.343097181856453215e+00
2.342497964343766004e+00
2.341899229858006137e+00
2.341300977647811088e+00
2.340703206963779426e+00
2.340105917058464158e+00
2.339509107186365622e+00
2.338912776603923493e+00
2.338316924569510569e+00
2.337721550343425214e+00
2.337126653187883374e+00
2.336532232367012796e+00
2.335938287146845482e+00
2.335344816795310585e+00
2.334751820582227300e+00
2.334159297779298203e+00
2.333567247660101707e+00
2.332975669500086280e+00
2.332384562576562459e+00
2.331793926168696629e+00
2.331203759557504362e+00
2.330614062025843314e+00
2.330024832858406114e+00
2.329436071341714154e+00
2.328847776764111810e+00
2.328259948415758007e+00
2.327672585588620446e+00
2.327085687576469830e+00
2.326499253674871870e+00
2.325913283181181512e+00
2.325327775394537166e+00
2.324742729615852710e+00
2.324158145147812160e+00
2.323574021294863012e+00
2.322990357363209579e+00
2.322407152660807661e+00
2.321824406497356552e+00
2.321242118184294601e+00
2.320660287034791658e+00
2.320078912363743306e+00
2.319497993487765086e+00
2.318917529725185389e+00
2.318337520396040130e+00
2.317757964822066530e+00
2.317178862326696898e+00
2.316600212235051970e+00
2.316022013873936469e+00
2.315444266571831999e+00
2.314866969658890383e+00
2.314290122466929667e+00
2.313713724329426569e+00
2.313137774581511596e+00
2.312562272559962384e+00
2.311987217603198363e+00
2.311412609051274991e+00
2.310838446245877975e+00
2.310264728530317058e+00
2.309691455249521130e+00
2.309118625750031573e+00
2.308546239379997367e+00
2.307974295489169325e+00
2.307402793428893872e+00
2.306831732552108161e+00
2.306261112213334741e+00
2.305690931768674456e+00
2.305121190575802892e+00
2.304551887993963710e+00
2.303983023383963324e+00
2.303414596108166013e+00
2.302846605530487700e+00
2.302279051016391076e+00
2.301711931932880706e+00
2.301145247648495928e+00
2.300578997533307746e+00
2.300013180958911718e+00
2.299447797298424412e+00
2.298882845926476293e+00
2.298318326219207730e+00
2.297754237554263668e+00
2.297190579310788294e+00
2.296627350869419715e+00
2.296064551612285065e+00
2.295502180922995183e+00
2.294940238186639725e+00
2.294378722789781833e+00
2.293817634120453253e+00
2.293256971568149893e+00
2.292696734523826052e+00
2.292136922379889086e+00
2.291577534530195859e+00
2.291018570370046969e+00
2.290460029296180977e+00
2.289901910706771293e+00
2.289344214001419964e+00
2.288786938581153674e+00
2.288230083848418417e+00
2.287673649207074611e+00
2.287117634062392657e+00
2.286562037821048055e+00
2.286006859891116960e+00
2.285452099682070415e+00
2.284897756604771235e+00
2.284343830071468240e+00
2.283790319495791366e+00
2.283237224292748557e+00
2.282684543878719108e+00
2.282132277671450105e+00
2.281580425090052433e+00
2.281028985554995447e+00
2.280477958488102530e+00
2.279927343312546650e+00
2.279377139452845480e+00
2.278827346334857840e+00
2.278277963385778371e+00
2.277728990034133538e+00
2.277180425709777190e+00
2.276632269843885670e+00
2.276084521868953825e+00
2.275537181218791449e+00
2.274990247328517068e+00
2.274443719634555272e+00
2.273897597574631835e+00
2.273351880587769269e+00
2.272806568114282388e+00
2.272261659595774752e+00
2.271717154475133782e+00
2.271173052196527209e+00
2.270629352205397744e+00
2.270086053948459970e+00
2.269543156873695899e+00
2.269000660430350980e+00
2.268458564068929206e+00
2.267916867241189571e+00
2.267375569400142066e+00
2.266834670000043683e+00
2.266294168496393979e+00
2.265754064345931074e+00
2.265214357006628099e+00
2.264675045937688758e+00
2.264136130599542884e+00
2.263597610453843778e+00
2.263059484963462875e+00
2.262521753592486640e+00
2.261984415806212123e+00
2.261447471071144300e+00
2.260910918854989848e+00
2.260374758626655822e+00
2.259838989856243874e+00
2.259303612015047591e+00
2.258768624575548056e+00
2.258234027011409850e+00
2.257699818797478386e+00
2.257165999409774582e+00
2.256632568325492638e+00
2.256099525022994712e+00
2.255566868981808692e+00
2.255034599682623320e+00
2.254502716607285073e+00
2.253971219238794621e+00
2.253440107061302822e+00
2.252909379560106728e+00
2.252379036221646924e+00
2.251849076533502636e+00
2.251319499984389516e+00
2.250790306064155200e+00
2.250261494263775308e+00
2.249733064075351230e+00
2.249205014992105234e+00
2.248677346508377806e+00
2.248150058119623651e+00
2.247623149322408587e+00
2.247096619614405544e+00
2.246570468494391015e+00
2.246044695462242391e+00
2.245519300018933961e+00
2.244994281666533364e+00
2.244469639908198477e+00
2.243945374248173863e+00
2.243421484191787663e+00
2.242897969245447598e+00
2.242374828916637863e+00
2.241852062713916016e+00
2.241329670146909425e+00
2.240807650726311717e+00
2.240286003963880113e+00
2.239764729372431873e+00
2.239243826465840304e+00
2.238723294759032534e+00
2.238203133767985964e+00
2.237683343009723824e+00
2.237163922002313843e+00
2.236644870264864249e+00
2.236126187317519776e+00
2.235607872681459440e+00
2.235089925878892547e+00
2.234572346433056911e+00
2.234055133868214416e+00
2.233538287709648351e+00
2.233021807483659860e+00
2.232505692717565271e+00
2.231989942939692995e+00
2.231474557679379966e+00
2.230959536466969428e+00
2.230444878833806932e+00
2.229930584312237674e+00
2.229416652435603385e+00
2.228903082738239672e+00
2.228389874755472011e+00
2.227877028023614425e+00
2.227364542079964593e+00
2.226852416462801632e+00
2.226340650711383873e+00
2.225829244365944870e+00
2.225318196967691176e+00
2.224807508058798344e+00
2.224297177182409158e+00
2.223787203882630070e+00
2.223277587704528546e+00
2.222768328194129950e+00
2.222259424898414881e+00
2.221750877365316512e+00
2.221242685143717033e+00
2.220734847783445431e+00
2.220227364835274386e+00
2.219720235850917156e+00
2.219213460383025804e+00
2.218707037985187203e+00
2.218200968211920365e+00
2.217695250618674674e+00
2.217189884761825880e+00
2.216684870198674329e+00
2.216180206487441851e+00
2.215675893187268208e+00
2.215171929858209765e+00
2.214668316061235931e+00
2.214165051358226943e+00
2.213662135311969870e+00
2.213159567486157719e+00
2.212657347445385891e+00
2.212155474755149509e+00
2.211653948981840312e+00
2.211152769692745323e+00
2.210651936456042410e+00
2.210151448840799393e+00
2.209651306416970495e+00
2.209151508755393678e+00
2.208652055427788419e+00
2.208152946006753048e+00
2.207654180065762084e+00
2.207155757179163569e+00
2.206657676922176403e+00
2.206159938870888571e+00
2.205662542602253584e+00
2.205165487694088711e+00
2.204668773725071862e+00
2.204172400274739374e+00
2.203676366923483787e+00
2.203180673252551180e+00
2.202685318844038065e+00
2.202190303280889605e+00
2.201695626146896956e+00
2.201201287026695042e+00
2.200707285505759891e+00
2.200213621170405975e+00
2.199720293607784427e+00
2.199227302405879492e+00
2.198734647153507193e+00
2.198242327440312671e+00
2.197750342856767958e+00
2.197258692994168872e+00
2.196767377444633240e+00
2.196276395801098236e+00
2.195785747657318598e+00
2.195295432607863528e+00
2.194805450248114909e+00
2.194315800174264641e+00
2.193826481983312426e+00
2.193337495273063542e+00
2.192848839642126624e+00
2.192360514689911000e+00
2.191872520016624470e+00
2.191384855223271533e+00
2.190897519911650715e+00
2.190410513684352356e+00
2.189923836144755942e+00
2.189437486897028773e+00
2.188951465546123298e+00
2.188465771697774453e+00
2.187980404958497882e+00
2.187495364935588160e+00
2.187010651237115244e+00
2.186526263471923581e+00
2.186042201249629890e+00
2.185558464180619609e+00
2.185075051876046448e+00
2.184591963947829285e+00
2.184109200008649943e+00
2.183626759671950968e+00
2.183144642551934744e+00
2.182662848263559496e+00
2.182181376422538843e+00
2.181700226645338248e+00
2.181219398549174127e+00
2.180738891752011188e+00
2.180258705872559766e+00
2.179778840530274486e+00
2.179299295345352938e+00
2.178820069938731230e+00
2.178341163932084434e+00
2.177862576947823481e+00
2.177384308609092489e+00
2.176906358539767883e+00
2.176428726364455724e+00
2.175951411708489491e+00
2.175474414197928752e+00
2.174997733459556493e+00
2.174521369120877345e+00
2.174045320810116255e+00
2.173569588156214927e+00
2.173094170788831381e+00
2.172619068338337289e+00
2.172144280435815755e+00
2.171669806713059980e+00
2.171195646802571488e+00
2.170721800337556573e+00
2.170248266951926741e+00
2.169775046280294273e+00
2.169302137957972665e+00
2.168829541620973078e+00
2.168357256906003006e+00
2.167885283450464495e+00
2.167413620892451487e+00
2.166942268870748922e+00
2.166471227024830526e+00
2.166000494994857029e+00
2.165530072421673502e+00
2.165059958946808027e+00
2.164590154212470807e+00
2.164120657861550612e+00
2.163651469537613892e+00
2.163182588884903002e+00
2.162714015548333535e+00
2.162245749173493881e+00
2.161777789406642114e+00
2.161310135894705109e+00
2.160842788285275873e+00
2.160375746226612215e+00
2.159909009367635413e+00
2.159442577357927107e+00
2.158976449847729295e+00
2.158510626487940787e+00
2.158045106930116752e+00
2.157579890826466062e+00
2.157114977829850400e+00
2.156650367593782036e+00
2.156186059772421171e+00
2.155722054020576373e+00
2.155258349993700584e+00
2.154794947347891121e+00
2.154331845739887008e+00
2.153869044827067203e+00
2.153406544267448819e+00
2.152944343719686682e+00
2.152482442843070665e+00
2.152020841297523024e+00
2.151559538743598843e+00
2.151098534842482479e+00
2.150637829255987121e+00
2.150177421646552567e+00
2.149717311677243448e+00
2.149257499011747896e+00
2.148797983314375770e+00
2.148338764250057320e+00
2.147879841484340524e+00
2.147421214683391089e+00
2.146962883513988896e+00
2.146504847643528002e+00
2.146047106740014421e+00
2.145589660472064342e+00
2.145132508508902358e+00
2.144675650520361021e+00
2.144219086176877731e+00
2.143762815149493850e+00
2.143306837109853369e+00
2.142851151730200687e+00
2.142395758683379725e+00
2.141940657642832146e+00
2.141485848282595139e+00
2.141031330277300970e+00
2.140577103302174766e+00
2.140123167033032736e+00
2.139669521146280839e+00
2.139216165318914342e+00
2.138763099228514264e+00
2.138310322553246934e+00
2.137857834971863102e+00
2.137405636163695721e+00
2.136953725808657722e+00
2.136502103587242019e+00
2.136050769180518394e+00
2.135599722270133949e+00
2.135148962538309547e+00
