1.123113269099372502e+01
1.122897988870749586e+01
1.122683017417481643e+01
1.122468353337153424e+01
1.122253995238089352e+01
1.122039941739237712e+01
1.121826191470057310e+01
1.121612743070404683e+01
1.121399595190423781e+01
1.121186746490436903e+01
1.120974195640836868e+01
1.120761941321980792e+01
1.120549982224084928e+01
1.120338317047122167e+01
1.120126944500719191e+01
1.119915863304056636e+01
1.119705072185768913e+01
1.119494569883847390e+01
1.119284355145542875e+01
1.119074426727270577e+01
1.118864783394516316e+01
1.118655423921743086e+01
1.118446347092300108e+01
1.118237551698331878e+01
1.118029036540689169e+01
1.117820800428840933e+01
1.117612842180787602e+01
1.117405160622974769e+01
1.117197754590209158e+01
1.116990622925574428e+01
1.116783764480348928e+01
1.116577178113924340e+01
1.116370862693725208e+01
1.116164817095129358e+01
1.115959040201389563e+01
1.115753530903556623e+01
1.115548288100402097e+01
1.115343310698343515e+01
1.115138597611369597e+01
1.114934147760966887e+01
1.114729960076047099e+01
1.114526033492874824e+01
1.114322366954997534e+01
1.114118959413174892e+01
1.113915809825309999e+01
1.113712917156381188e+01
1.113510280378374340e+01
1.113307898470216450e+01
1.113105770417709728e+01
1.112903895213466932e+01
1.112702271856846892e+01
1.112500899353891270e+01
1.112299776717261501e+01
1.112098902966177505e+01
1.111898277126356049e+01
1.111697898229950709e+01
1.111497765315491826e+01
1.111297877427828062e+01
1.111098233618067432e+01
1.110898832943520098e+01
1.110699674467641707e+01
1.110500757259976545e+01
1.110302080396102475e+01
1.110103642957575865e+01
1.109905444031877408e+01
1.109707482712357951e+01
1.109509758098186261e+01
1.109312269294296271e+01
1.109115015411335037e+01
1.108917995565611925e+01
1.108721208879047992e+01
1.108524654479125537e+01
1.108328331498839070e+01
1.108132239076646286e+01
1.107936376356419927e+01
1.107740742487399643e+01
1.107545336624144916e+01
1.107350157926488521e+01
1.107155205559489985e+01
1.106960478693390471e+01
1.106765976503567295e+01
1.106571698170489171e+01
1.106377642879672152e+01
1.106183809821636466e+01
1.105990198191862639e+01
1.105796807190749220e+01
1.105603636023570502e+01
1.105410683900434599e+01
1.105217950036242769e+01
1.105025433650647670e+01
1.104833133968013925e+01
1.104641050217377263e+01
1.104449181632405974e+01
1.104257527451360943e+01
1.104066086917057454e+01
1.103874859276827003e+01
1.103683843782479457e+01
1.103493039690265221e+01
1.103302446260838998e+01
1.103112062759222489e+01
1.102921888454768506e+01
1.102731922621125094e+01
1.102542164536199998e+01
1.102352613482125676e+01
1.102163268745224300e+01
1.101974129615974185e+01
1.101785195388974792e+01
1.101596465362914046e+01
1.101407938840534406e+01
1.101219615128600005e+01
1.101031493537864669e+01
1.100843573383039065e+01
1.100655853982758892e+01
1.100468334659553449e+01
1.100281014739814722e+01
1.100093893553765589e+01
1.099906970435430154e+01
1.099720244722602835e+01
1.099533715756818708e+01
1.099347382883323476e+01
1.099161245451044699e+01
1.098975302812562305e+01
1.098789554324079809e+01
1.098603999345395899e+01
1.098418637239876361e+01
1.098233467374425842e+01
1.098048489119460847e+01
1.097863701848881668e+01
1.097679104940045747e+01
1.097494697773740668e+01
1.097310479734157873e+01
1.097126450208866189e+01
1.096942608588785895e+01
1.096758954268162789e+01
1.096575486644542785e+01
1.096392205118746865e+01
1.096209109094845857e+01
1.096026197980135741e+01
1.095843471185112961e+01
1.095660928123450617e+01
1.095478568211974135e+01
1.095296390870637282e+01
1.095114395522498718e+01
1.094932581593699084e+01
1.094750948513437017e+01
1.094569495713947305e+01
1.094388222630477259e+01
1.094207128701264864e+01
1.094026213367516398e+01
1.093845476073384049e+01
1.093664916265944775e+01
1.093484533395178282e+01
1.093304326913945346e+01
1.093124296277967389e+01
1.092944440945804629e+01
1.092764760378835831e+01
1.092585254041237519e+01
1.092405921399963731e+01
1.092226761924725587e+01
1.092047775087971218e+01
1.091868960364866048e+01
1.091690317233273255e+01
1.091511845173734230e+01
1.091333543669449035e+01
1.091155412206257580e+01
1.090977450272620608e+01
1.090799657359600872e+01
1.090622032960844479e+01
1.090444576572562774e+01
1.090267287693513687e+01
1.090090165824983970e+01
1.089913210470771254e+01
1.089736421137165934e+01
1.089559797332934110e+01
1.089383338569299831e+01
1.089207044359927679e+01
1.089030914220906077e+01
1.088854947670730056e+01
1.088679144230284379e+01
1.088503503422827023e+01
1.088328024773972658e+01
1.088152707811676301e+01
1.087977552066216980e+01
1.087802557070181741e+01
1.087627722358449667e+01
1.087453047468176237e+01
1.087278531938777704e+01
1.087104175311915100e+01
1.086929977131479674e+01
1.086755936943576728e+01
1.086582054296511402e+01
1.086408328740773044e+01
1.086234759829020646e+01
1.086061347116068099e+01
1.085888090158869801e+01
1.085714988516505741e+01
1.085542041750167819e+01
1.085369249423144922e+01
1.085196611100809250e+01
1.085024126350602636e+01
1.084851794742021980e+01
1.084679615846605927e+01
1.084507589237921543e+01
1.084335714491550462e+01
1.084163991185075560e+01
1.083992418898067633e+01
1.083820997212072434e+01
1.083649725710597700e+01
1.083478603979099830e+01
1.083307631604971455e+01
1.083136808177528820e+01
1.082966133287998822e+01
1.082795606529506749e+01
1.082625227497063669e+01
1.082454995787554530e+01
1.082284910999725547e+01
1.082114972734172653e+01
1.081945180593328892e+01
1.081775534181453224e+01
1.081606033104618270e+01
1.081436676970698585e+01
1.081267465389359295e+01
1.081098397972044900e+01
1.080929474331967199e+01
1.080760694084094453e+01
1.080592056845140192e+01
1.080423562233551849e+01
1.080255209869499922e+01
1.080086999374866963e+01
1.079918930373236918e+01
1.079751002489884115e+01
1.079583215351762604e+01
1.079415568587495855e+01
1.079248061827366101e+01
1.079080694703303855e+01
1.078913466848877789e+01
1.078746377899284248e+01
1.078579427491336951e+01
1.078412615263457752e+01
1.078245940855665452e+01
1.078079403909566913e+01
1.077913004068346581e+01
1.077746740976757067e+01
1.077580614281109384e+01
1.077414623629263168e+01
1.077248768670617274e+01
1.077083049056100350e+01
1.076917464438161431e+01
1.076752014470760876e+01
1.076586698809360598e+01
1.076421517110915360e+01
1.076256469033863539e+01
1.076091554238118242e+01
1.075926772385058072e+01
1.075762123137518422e+01
1.075597606159782771e+01
1.075433221117573623e+01
1.075268967678044341e+01
1.075104845509770257e+01
1.074940854282739799e+01
1.074776993668346847e+01
1.074613263339381497e+01
1.074449662970022246e+01
1.074286192235827464e+01
1.074122850813727226e+01
1.073959638382015491e+01
1.073796554620341226e+01
1.073633599209701295e+01
1.073470771832432114e+01
1.073308072172201300e+01
1.073145499914000744e+01
1.072983054744137910e+01
1.072820736350228721e+01
1.072658544421189752e+01
1.072496478647230589e+01
1.072334538719846186e+01
1.072172724331809412e+01
1.072011035177163585e+01
1.071849470951215366e+01
1.071688031350527126e+01
1.071526716072909835e+01
1.071365524817415604e+01
1.071204457284330758e+01
1.071043513175168727e+01
1.070882692192662766e+01
1.070721994040759384e+01
1.070561418424610878e+01
1.070400965050568765e+01
1.070240633626176674e+01
1.070080423860163954e+01
1.069920335462438565e+01
1.069760368144080331e+01
1.069600521617334543e+01
1.069440795595605209e+01
1.069281189793448661e+01
1.069121703926566802e+01
1.068962337711800714e+01
1.068803090867124439e+01
1.068643963111638406e+01
1.068484954165563039e+01
1.068326063750232890e+01
1.068167291588089718e+01
1.068008637402677152e+01
1.067850100918633771e+01
1.067691681861687591e+01
1.067533379958649498e+01
1.067375194937407734e+01
1.067217126526921689e+01
1.067059174457215853e+01
1.066901338459374138e+01
1.066743618265534010e+01
1.066586013608880634e+01
1.066428524223641006e+01
1.066271149845078448e+01
1.066113890209486925e+01
1.065956745054185362e+01
1.065799714117511776e+01
1.065642797138817954e+01
1.065485993858464298e+01
1.065329304017813605e+01
1.065172727359226101e+01
1.065016263626053927e+01
1.064859912562635991e+01
1.064703673914292104e+01
1.064547547427318186e+01
1.064391532848980759e+01
1.064235629927511972e+01
1.064079838412104095e+01
1.063924158052904545e+01
1.063768588601010912e+01
1.063613129808465452e+01
1.063457781428250648e+01
1.063302543214283702e+01
1.063147414921411738e+01
1.062992396305406828e+01
1.062837487122961200e+01
1.062682687131682435e+01
1.062527996090088145e+01
1.062373413757601881e+01
1.062218939894547809e+01
1.062064574262146088e+01
1.061910316622508255e+01
1.061756166738632778e+01
1.061602124374399914e+01
1.061448189294567257e+01
1.061294361264765485e+01
1.061140640051493556e+01
1.060987025422113916e+01
1.060833517144848592e+01
1.060680114988774214e+01
1.060526818723817932e+01
1.060373628120752798e+01
1.060220542951193679e+01
1.060067562987592460e+01
1.059914688003233962e+01
1.059761917772231854e+01
1.059609252069524210e+01
1.059456690670869250e+01
1.059304233352841251e+01
1.059151879892826287e+01
1.058999630069017961e+01
1.058847483660413502e+01
1.058695440446809677e+01
1.058543500208798527e+01
1.058391662727763638e+01
1.058239927785875878e+01
1.058088295166089488e+01
1.057936764652137995e+01
1.057785336028530487e+01
1.057634009080547521e+01
1.057482783594237574e+01
1.057331659356412779e+01
1.057180636154645370e+01
1.057029713777263602e+01
1.056878892013348192e+01
1.056728170652728771e+01
1.056577549485979439e+01
1.056427028304415749e+01
1.056276606900090798e+01
1.056126285065791492e+01
1.055976062595034826e+01
1.055825939282064496e+01
1.055675914921847358e+01
1.055525989310069512e+01
1.055376162243132931e+01
1.055226433518151907e+01
1.055076802932949853e+01
1.054927270286055396e+01
1.054777835376699002e+01
1.054628498004809600e+01
1.054479257971011563e+01
1.054330115076620444e+01
1.054181069123640491e+01
1.054032119914760557e+01
1.053883267253351441e+01
1.053734510943461977e+01
1.053585850789816192e+01
1.053437286597809930e+01
1.053288818173507302e+01
1.053140445323638019e+01
1.052992167855593664e+01
1.052843985577424668e+01
1.052695898297837118e+01
1.052547905826190089e+01
1.052400007972491558e+01
1.052252204547396275e+01
1.052104495362202030e+01
1.051956880228846636e+01
1.051809358959905438e+01
1.051661931368587410e+01
1.051514597268733020e+01
1.051367356474810499e+01
1.051220208801913358e+01
1.051073154065757009e+01
1.050926192082676458e+01
1.050779322669622573e+01
1.050632545644159777e+01
1.050485860824463025e+01
1.050339268029314965e+01
1.050192767078102740e+01
1.050046357790815499e+01
1.049900039988041378e+01
1.049753813490965193e+01
1.049607678121364884e+01
1.049461633701609387e+01
1.049315680054655431e+01
1.049169817004045058e+01
1.049024044373902953e+01
1.048878361988933605e+01
1.048732769674418464e+01
1.048587267256213629e+01
1.048441854560747011e+01
1.048296531415015664e+01
1.048151297646583302e+01
1.048006153083577452e+01
1.047861097554687149e+01
1.047716130889159913e+01
1.047571252916799800e+01
1.047426463467964552e+01
1.047281762373562763e+01
1.047137149465051920e+01
1.046992624574435560e+01
1.046848187534260788e+01
1.046703838177616142e+01
1.046559576338128394e+01
1.046415401849960958e+01
1.046271314547811038e+01
1.046127314266907149e+01
1.045983400843006805e+01
1.045839574112394388e+01
1.045695833911878125e+01
1.045552180078788673e+01
1.045408612450975738e+01
1.045265130866806658e+01
1.045121735165163379e+01
1.044978425185440507e+01
1.044835200767543171e+01
1.044692061751884182e+01
1.044549007979382438e+01
1.044406039291460075e+01
1.044263155530040699e+01
1.044120356537546890e+01
1.043977642156898078e+01
1.043835012231508230e+01
1.043692466605283720e+01
1.043550005122621371e+01
1.043407627628405976e+01
1.043265333968008335e+01
1.043123123987283130e+01
1.042980997532566434e+01
1.042838954450674116e+01
1.042696994588899528e+01
1.042555117795011199e+01
1.042413323917251233e+01
1.042271612804332648e+01
1.042129984305437773e+01
1.041988438270215944e+01
1.041846974548781901e+01
1.041705592991713125e+01
1.041564293450048240e+01
1.041423075775284879e+01
1.041281939819377733e+01
1.041140885434736774e+01
1.040999912474224942e+01
1.040859020791156375e+01
1.040718210239294450e+01
1.040577480672849831e+01
1.040436831946478513e+01
1.040296263915279873e+01
1.040155776434794888e+01
1.040015369361004360e+01
1.039875042550326611e+01
1.039734795859616234e+01
1.039594629146161431e+01
1.039454542267682946e+01
1.039314535082331581e+01
1.039174607448686949e+01
1.039034759225755344e+01
1.038894990272967789e+01
1.038755300450178609e+01
1.038615689617663307e+01
1.038476157636116781e+01
1.038336704366652086e+01
1.038197329670797942e+01
1.038058033410497494e+01
1.037918815448106180e+01
1.037779675646390487e+01
1.037640613868525818e+01
1.037501629978095075e+01
1.037362723839086343e+01
1.037223895315892186e+01
1.037085144273307158e+01
1.036946470576526380e+01
1.036807874091143944e+01
1.036669354683151134e+01
1.036530912218934830e+01
1.036392546565276085e+01
1.036254257589347993e+01
1.036116045158714449e+01
1.035977909141328368e+01
1.035839849405530444e+01
1.035701865820046841e+01
1.035563958253988126e+01
1.035426126576847849e+01
1.035288370658500412e+01
1.035150690369199822e+01
1.035013085579578274e+01
1.034875556160644372e+01
1.034738101983781533e+01
1.034600722920746563e+01
1.034463418843668236e+01
1.034326189625045700e+01
1.034189035137746870e+01
1.034051955255007194e+01
1.033914949850427689e+01
1.033778018797973886e+01
1.033641161971974398e+01
1.033504379247118976e+01
1.033367670498457613e+01
1.033231035601398418e+01
1.033094474431707077e+01
1.032957986865504552e+01
1.032821572779266184e+01
1.032685232049819923e+01
1.032548964554345083e+01
1.032412770170371275e+01
1.032276648775776273e+01
1.032140600248785134e+01
1.032004624467968590e+01
1.031868721312242165e+01
1.031732890660863866e+01
1.031597132393433647e+01
1.031461446389891634e+01
1.031325832530517062e+01
1.031190290695926670e+01
1.031054820767073466e+01
1.030919422625245296e+01
1.030784096152063611e+01
1.030648841229482215e+01
1.030513657739786026e+01
1.030378545565589476e+01
1.030243504589835268e+01
1.030108534695793310e+01
1.029973635767059292e+01
1.029838807687553626e+01
1.029704050341519483e+01
1.029569363613522448e+01
1.029434747388448734e+01
1.029300201551503946e+01
1.029165725988211832e+01
1.029031320584413400e+01
1.028896985226265137e+01
1.028762719800238123e+01
1.028628524193116789e+01
1.028494398291997669e+01
1.028360341984288162e+01
1.028226355157705285e+01
1.028092437700274608e+01
1.027958589500329012e+01
1.027824810446507442e+01
1.027691100427753668e+01
1.027557459333315215e+01
1.027423887052742302e+01
1.027290383475886593e+01
1.027156948492899780e+01
1.027023581994232870e+01
1.026890283870634946e+01
1.026757054013151738e+01
1.026623892313124564e+01
1.026490798662189441e+01
1.026357772952276015e+01
1.026224815075605967e+01
1.026091924924692300e+01
1.025959102392338096e+01
1.025826347371635627e+01
1.025693659755964759e+01
1.025561039438992417e+01
1.025428486314671161e+01
1.025296000277238484e+01
1.025163581221215026e+01
1.025031229041404224e+01
1.024898943632890891e+01
1.024766724891040326e+01
1.024634572711496894e+01
1.024502486990183669e+01
1.024370467623300662e+01
1.024238514507324282e+01
1.024106627539005920e+01
1.023974806615371236e+01
1.023843051633719092e+01
1.023711362491620314e+01
1.023579739086916973e+01
1.023448181317721151e+01
1.023316689082414044e+01
1.023185262279644725e+01
1.023053900808329786e+01
1.022922604567651561e+01
1.022791373457057595e+01
1.022660207376259578e+01
1.022529106225232454e+01
1.022398069904213180e+01
1.022267098313700195e+01
1.022136191354451995e+01
1.022005348927486423e+01
1.021874570934079607e+01
1.021743857275765421e+01
1.021613207854333716e+01
1.021482622571830312e+01
1.021352101330555229e+01
1.021221644033062503e+01
1.021091250582158771e+01
1.020960920880902378e+01
1.020830654832602491e+01
1.020700452340818565e+01
1.020570313309359101e+01
1.020440237642280579e+01
1.020310225243886748e+01
1.020180276018727916e+01
1.020050389871599705e+01
1.019920566707542342e+01
1.019790806431839947e+01
1.019661108950019290e+01
1.019531474167849261e+01
1.019401901991339621e+01
1.019272392326740651e+01
1.019142945080541729e+01
1.019013560159470799e+01
1.018884237470493481e+01
1.018754976920812183e+01
1.018625778417865213e+01
1.018496641869326247e+01
1.018367567183102729e+01
1.018238554267336049e+01
1.018109603030399946e+01
1.017980713380899793e+01
1.017851885227672071e+01
1.017723118479783473e+01
1.017594413046530022e+01
1.017465768837435824e+01
1.017337185762253249e+01
1.017208663730961149e+01
1.017080202653764509e+01
1.016951802441093733e+01
1.016823463003603578e+01
1.016695184252172623e+01
1.016566966097902380e+01
1.016438808452116227e+01
1.016310711226359231e+01
1.016182674332396729e+01
1.016054697682214147e+01
1.015926781188015759e+01
1.015798924762223976e+01
1.015671128317478988e+01
1.015543391766637527e+01
1.015415715022772325e+01
1.015288097999171413e+01
1.015160540609337403e+01
1.015033042766986426e+01
1.014905604386047600e+01
1.014778225380662491e+01
1.014650905665184055e+01
1.014523645154176279e+01
1.014396443762412758e+01
1.014269301404876700e+01
1.014142217996760031e+01
1.014015193453462338e+01
1.013888227690590327e+01
1.013761320623957474e+01
1.013634472169582779e+01
1.013507682243690411e+01
1.013380950762708643e+01
1.013254277643269674e+01
1.013127662802208562e+01
1.013001106156562336e+01
1.012874607623570000e+01
1.012748167120671283e+01
1.012621784565506111e+01
1.012495459875913717e+01
1.012369192969932286e+01
1.012242983765798243e+01
1.012116832181945369e+01
1.011990738137004264e+01
1.011864701549801637e+01
1.011738722339359775e+01
1.011612800424895653e+01
1.011486935725820580e+01
1.011361128161739131e+01
1.011235377652448797e+01
1.011109684117939267e+01
1.010984047478391901e+01
1.010858467654178661e+01
1.010732944565862113e+01
1.010607478134194182e+01
1.010482068280115797e+01
1.010356714924756538e+01
1.010231417989433389e+01
1.010106177395650384e+01
1.009980993065098254e+01
1.009855864919653357e+01
1.009730792881377504e+01
1.009605776872516891e+01
1.009480816815501925e+01
1.009355912632946151e+01
1.009231064247646081e+01
1.009106271582580128e+01
1.008981534560908599e+01
1.008856853105972640e+01
1.008732227141293691e+01
1.008607656590572965e+01
1.008483141377690728e+01
1.008358681426706127e+01
1.008234276661855944e+01
1.008109927007554774e+01
1.007985632388393604e+01
1.007861392729139993e+01
1.007737207954736824e+01
1.007613077990302308e+01
1.007489002761129271e+01
1.007364982192684089e+01
1.007241016210606865e+01
1.007117104740710367e+01
1.006993247708979489e+01
1.006869445041570899e+01
1.006745696664812506e+01
1.006622002505202396e+01
1.006498362489409182e+01
1.006374776544270411e+01
1.006251244596792915e+01
1.006127766574151750e+01
1.006004342403689655e+01
1.005880972012916708e+01
1.005757655329509781e+01
1.005634392281311840e+01
1.005511182796331582e+01
1.005388026802742729e+01
1.005264924228883672e+01
1.005141875003256580e+01
1.005018879054527581e+01
1.004895936311525340e+01
1.004773046703241413e+01
1.004650210158829005e+01
1.004527426607602969e+01
1.004404695979038742e+01
1.004282018202772520e+01
1.004159393208600193e+01
1.004036820926477169e+01
1.003914301286517485e+01
1.003791834218993806e+01
1.003669419654336359e+01
1.003547057523133113e+01
1.003424747756128532e+01
1.003302490284223580e+01
1.003180285038475006e+01
1.003058131950094989e+01
1.002936030950450608e+01
1.002813981971063306e+01
1.002691984943608539e+01
1.002570039799914881e+01
1.002448146471964030e+01
1.002326304891890096e+01
1.002204514991979067e+01
1.002082776704668632e+01
1.001961089962547291e+01
1.001839454698354004e+01
1.001717870844978009e+01
1.001596338335458114e+01
1.001474857102982163e+01
1.001353427080886505e+01
1.001232048202655989e+01
1.001110720401923082e+01
1.000989443612467333e+01
1.000868217768215374e+01
1.000747042803240028e+01
1.000625918651759960e+01
1.000504845248139496e+01
1.000383822526887556e+01
1.000262850422658012e+01
1.000141928870248798e+01
1.000021057804601199e+01
9.999002371607998541e+00
9.997794668740722202e+00
9.996587468797880405e+00
9.995380771134588116e+00
9.994174575107374281e+00
9.992968880074181826e+00
9.991763685394355221e+00
9.990558990428642261e+00
9.989354794539185178e+00
9.988151097089524200e+00
9.986947897444581557e+00
9.985745194970668592e+00
9.984542989035475102e+00
9.983341279008065783e+00
9.982140064258878454e+00
9.980939344159716953e+00
9.979739118083749361e+00
9.978539385405500894e+00
9.977340145500853907e+00
9.976141397747039008e+00
9.974943141522636836e+00
9.973745376207567404e+00
9.972548101183090097e+00
9.971351315831800122e+00
9.970155019537621399e+00
9.968959211685804789e+00
9.967763891662924536e+00
9.966569058856871166e+00
9.965374712656849709e+00
9.964180852453377923e+00
9.962987477638277412e+00
9.961794587604675399e+00
9.960602181746994077e+00
9.959410259460952375e+00
9.958218820143558858e+00
9.957027863193109951e+00
9.955837388009184608e+00
9.954647393992640758e+00
9.953457880545613534e+00
9.952268847071506386e+00
9.951080292974994634e+00
9.949892217662013039e+00
9.948704620539759347e+00
9.947517501016688968e+00
9.946330858502506089e+00
9.945144692408167231e+00
9.943959002145872361e+00
9.942773787129063123e+00
9.941589046772421057e+00
9.940404780491858716e+00
9.939220987704521448e+00
9.938037667828780286e+00
9.936854820284230172e+00
9.935672444491686406e+00
9.934490539873179316e+00
9.933309105851952481e+00
9.932128141852455627e+00
9.930947647300348180e+00
9.929767621622488605e+00
9.928588064246934408e+00
9.927408974602936809e+00
9.926230352120938960e+00
9.925052196232572399e+00
9.923874506370651716e+00
9.922697281969172778e+00
9.921520522463309177e+00
9.920344227289408678e+00
9.919168395884987888e+00
9.917993027688730479e+00
9.916818122140487191e+00
9.915643678681265172e+00
9.914469696753229755e+00
9.913296175799699128e+00
9.912123115265142559e+00
9.910950514595176841e+00
9.909778373236559190e+00
9.908606690637190795e+00
9.907435466246107936e+00
9.906264699513480210e+00
9.905094389890606976e+00
9.903924536829915581e+00
9.902755139784957805e+00
9.901586198210404532e+00
9.900417711562043976e+00
9.899249679296779902e+00
9.898082100872626299e+00
9.896914975748703824e+00
9.895748303385238032e+00
9.894582083243557591e+00
9.893416314786087185e+00
9.892250997476347507e+00
9.891086130778949936e+00
9.889921714159596533e+00
9.888757747085074712e+00
9.887594229023253689e+00
9.886431159443080929e+00
9.885268537814582146e+00
9.884106363608857748e+00
9.882944636298073959e+00
9.881783355355468146e+00
9.880622520255341712e+00
9.879462130473054771e+00
9.878302185485027920e+00
9.877142684768735137e+00
9.875983627802703779e+00
9.874825014066509254e+00
9.873666843040775021e+00
9.872509114207167258e+00
9.871351827048391314e+00
9.870194981048189931e+00
9.869038575691341464e+00
9.867882610463656334e+00
9.866727084851971696e+00
9.865571998344151439e+00
9.864417350429082632e+00
9.863263140596671974e+00
9.862109368337844018e+00
9.860956033144537614e+00
9.859803134509700584e+00
9.858650671927293274e+00
9.857498644892279671e+00
9.856347052900625627e+00
9.855195895449298860e+00
9.854045172036265399e+00
9.852894882160484258e+00
9.851745025321905658e+00
9.850595601021472802e+00
9.849446608761109445e+00
9.848298048043728770e+00
9.847149918373219180e+00
9.846002219254453180e+00
9.844854950193273169e+00
9.843708110696498537e+00
9.842561700271916791e+00
9.841415718428283554e+00
9.840270164675319009e+00
9.839125038523704347e+00
9.837980339485079995e+00
9.836836067072045608e+00
9.835692220798152974e+00
9.834548800177906003e+00
9.833405804726757182e+00
9.832263233961105797e+00
9.831121087398294378e+00
9.829979364556605148e+00
9.828838064955261800e+00
9.827697188114422389e+00
9.826556733555179335e+00
9.825416700799554093e+00
9.824277089370497151e+00
9.823137898791884481e+00
9.821999128588517536e+00
9.820860778286114368e+00
9.819722847411314959e+00
9.818585335491674115e+00
9.817448242055659691e+00
9.816311566632649033e+00
9.815175308752927208e+00
9.814039467947688777e+00
9.812904043749028915e+00
9.811769035689943408e+00
9.810634443304328656e+00
9.809500266126974566e+00
9.808366503693566330e+00
9.807233155540680869e+00
9.806100221205781509e+00
9.804967700227219751e+00
9.803835592144231725e+00
9.802703896496934632e+00
9.801572612826323194e+00
9.800441740674269653e+00
9.799311279583523770e+00
9.798181229097703948e+00
9.797051588761300778e+00
9.795922358119669937e+00
9.794793536719035743e+00
9.793665124106482267e+00
9.792537119829955117e+00
9.791409523438259654e+00
9.790282334481055670e+00
9.789155552508857383e+00
9.788029177073029885e+00
9.786903207725787368e+00
9.785777644020191346e+00
9.784652485510148878e+00
9.783527731750407241e+00
9.782403382296557481e+00
9.781279436705025532e+00
9.780155894533072214e+00
9.779032755338796790e+00
9.777910018681124527e+00
9.776787684119812027e+00
9.775665751215443677e+00
9.774544219529428091e+00
9.773423088623994559e+00
9.772302358062196603e+00
9.771182027407901316e+00
9.770062096225796466e+00
9.768942564081381619e+00
9.767823430540966356e+00
9.766704695171673833e+00
