2.084194188033454687e+00
2.083245487324098644e+00
2.082299041564630748e+00
2.081354838604459800e+00
2.080412866402502114e+00
2.079473113025791520e+00
2.078535566648116006e+00
2.077600215548673468e+00
2.076667048110750535e+00
2.075736052820422728e+00
2.074807218265275033e+00
2.073880533133143356e+00
2.072955986210875956e+00
2.072033566383114422e+00
2.071113262631094187e+00
2.070195064031463250e+00
2.069278959755121328e+00
2.068364939066074104e+00
2.067452991320309241e+00
2.066543105964686156e+00
2.065635272535845335e+00
2.064729480659134531e+00
2.063825720047550050e+00
2.062923980500695365e+00
2.062024251903754823e+00
2.061126524226484236e+00
2.060230787522215667e+00
2.059337031926878669e+00
2.058445247658033495e+00
2.057555425013922967e+00
2.056667554372534124e+00
2.055781626190677169e+00
2.054897631003077318e+00
2.054015559421478621e+00
2.053135402133763332e+00
2.052257149903082833e+00
2.051380793567000982e+00
2.050506324036650785e+00
2.049633732295904398e+00
2.048763009400552892e+00
2.047894146477498900e+00
2.047027134723961694e+00
2.046161965406692929e+00
2.045298629861203032e+00
2.044437119491001376e+00
2.043577425766842648e+00
2.042719540225989228e+00
2.041863454471479322e+00
2.041009160171408432e+00
2.040156649058220584e+00
2.039305912928007558e+00
2.038456943639820995e+00
2.037609733114990718e+00
2.036764273336455489e+00
2.035920556348101318e+00
2.035078574254109096e+00
2.034238319218312441e+00
2.033399783463562205e+00
2.032562959271101199e+00
2.031727838979948242e+00
2.030894414986288421e+00
2.030062679742872245e+00
2.029232625758425002e+00
2.028404245597061006e+00
2.027577531877708061e+00
2.026752477273538133e+00
2.025929074511406469e+00
2.025107316371297816e+00
2.024287195685780194e+00
2.023468705339466212e+00
2.022651838268480606e+00
2.021836587459935775e+00
2.021022945951413075e+00
2.020210906830451680e+00
2.019400463234044985e+00
2.018591608348140998e+00
2.017784335407152074e+00
2.016978637693469079e+00
2.016174508536982213e+00
2.015371941314608506e+00
2.014570929449825076e+00
2.013771466412208166e+00
2.012973545716978840e+00
2.012177160924552677e+00
2.011382305640097456e+00
2.010588973513094402e+00
2.009797158236906967e+00
2.009006853548352733e+00
2.008218053227282862e+00
2.007430751096165089e+00
2.006644941019672945e+00
2.005860616904280302e+00
2.005077772697859029e+00
2.004296402389284193e+00
2.003516500008042822e+00
2.002738059623847100e+00
2.001961075346253338e+00
2.001185541324284056e+00
2.000411451746057168e+00
1.999638800838417385e+00
1.998867582866572290e+00
1.998097792133734174e+00
1.997329422980765212e+00
1.996562469785827298e+00
1.995796926964035212e+00
1.995032788967115556e+00
1.994270050283067919e+00
1.993508705435831363e+00
1.992748748984954466e+00
1.991990175525269136e+00
1.991232979686568427e+00
1.990477156133288350e+00
1.989722699564192787e+00
1.988969604712062411e+00
1.988217866343388041e+00
1.987467479258065994e+00
1.986718438289098332e+00
1.985970738302295535e+00
1.985224374195983854e+00
1.984479340900714872e+00
1.983735633378978847e+00
1.982993246624921380e+00
1.982252175664063421e+00
1.981512415553024153e+00
1.980773961379246995e+00
1.980036808260729808e+00
1.979300951345756010e+00
1.978566385812630779e+00
1.977833106869419710e+00
1.977101109753689023e+00
1.976370389732250876e+00
1.975640942100909569e+00
1.974912762184212411e+00
1.974185845335201250e+00
1.973460186935168892e+00
1.972735782393416626e+00
1.972012627147014863e+00
1.971290716660567321e+00
1.970570046425976329e+00
1.969850611962211673e+00
1.969132408815081448e+00
1.968415432557006239e+00
1.967699678786794637e+00
1.966985143129421854e+00
1.966271821235810568e+00
1.965559708782614434e+00
1.964848801472003359e+00
1.964139095031451676e+00
1.963430585213527868e+00
1.962723267795687621e+00
1.962017138580067543e+00
1.961312193393282888e+00
1.960608428086225707e+00
1.959905838533866573e+00
1.959204420635057620e+00
1.958504170312337145e+00
1.957805083511737987e+00
1.957107156202596121e+00
1.956410384377361922e+00
1.955714764051413646e+00
1.955020291262873133e+00
1.954326962072422180e+00
1.953634772563122013e+00
1.952943718840233878e+00
1.952253797031042293e+00
1.951565003284679189e+00
1.950877333771950495e+00
1.950190784685164269e+00
1.949505352237960620e+00
1.948821032665143393e+00
1.948137822222513416e+00
1.947455717186703739e+00
1.946774713855016214e+00
1.946094808545259847e+00
1.945415997595590696e+00
1.944738277364354007e+00
1.944061644229926999e+00
1.943386094590563662e+00
1.942711624864240871e+00
1.942038231488506961e+00
1.941365910920330062e+00
1.940694659635950003e+00
1.940024474130729981e+00
1.939355350919010457e+00
1.938687286533964604e+00
1.938020277527454871e+00
1.937354320469890867e+00
1.936689411950089257e+00
1.936025548575133870e+00
1.935362726970238700e+00
1.934700943778611126e+00
1.934040195661316242e+00
1.933380479297143850e+00
1.932721791382475240e+00
1.932064128631152400e+00
1.931407487774347898e+00
1.930751865560436098e+00
1.930097258754865042e+00
1.929443664140031434e+00
1.928791078515154078e+00
1.928139498696151310e+00
1.927488921515517095e+00
1.926839343822200235e+00
1.926190762481483576e+00
1.925543174374865218e+00
1.924896576399939496e+00
1.924250965470280628e+00
1.923606338515326364e+00
1.922962692480263636e+00
1.922320024325913979e+00
1.921678331028621622e+00
1.921037609580141137e+00
1.920397856987527296e+00
1.919759070273024948e+00
1.919121246473960651e+00
1.918484382642635211e+00
1.917848475846216871e+00
1.917213523166635403e+00
1.916579521700478184e+00
1.915946468558885840e+00
1.915314360867449439e+00
1.914683195766109014e+00
1.914052970409052534e+00
1.913423681964615763e+00
1.912795327615183449e+00
1.912167904557090736e+00
1.911541410000525909e+00
1.910915841169434470e+00
1.910291195301422995e+00
1.909667469647664761e+00
1.909044661472805604e+00
1.908422768054870877e+00
1.907801786685173751e+00
1.907181714668223282e+00
1.906562549321633826e+00
1.905944287976035767e+00
1.905326927974986040e+00
1.904710466674880198e+00
1.904094901444864929e+00
1.903480229666751455e+00
1.902866448734929605e+00
1.902253556056282324e+00
1.901641549050101965e+00
1.901030425148006131e+00
1.900420181793855079e+00
1.899810816443668893e+00
1.899202326565546661e+00
1.898594709639585432e+00
1.897987963157800051e+00
1.897382084624043674e+00
1.896777071553929384e+00
1.896172921474751583e+00
1.895569631925408949e+00
1.894967200456328049e+00
1.894365624629386513e+00
1.893764902017838203e+00
1.893165030206238386e+00
1.892566006790368904e+00
1.891967829377165788e+00
1.891370495584645317e+00
1.890774003041832296e+00
1.890178349388688339e+00
1.889583532276040589e+00
1.888989549365511333e+00
1.888396398329448056e+00
1.887804076850854607e+00
1.887212582623321477e+00
1.886621913350958746e+00
1.886032066748327685e+00
1.885443040540374149e+00
1.884854832462361962e+00
1.884267440259806969e+00
1.883680861688411534e+00
1.883095094514000145e+00
1.882510136512454579e+00
1.881925985469650398e+00
1.881342639181393439e+00
1.880760095453357428e+00
1.880178352101021799e+00
1.879597406949609306e+00
1.879017257834025179e+00
1.878437902598796949e+00
1.877859339098013169e+00
1.877281565195264124e+00
1.876704578763583209e+00
1.876128377685386761e+00
1.875552959852417212e+00
1.874978323165684024e+00
1.874404465535406850e+00
1.873831384880958684e+00
1.873259079130809246e+00
1.872687546222468802e+00
1.872116784102432874e+00
1.871546790726126730e+00
1.870977564057851206e+00
1.870409102070727636e+00
1.869841402746645009e+00
1.869274464076205566e+00
1.868708284058672398e+00
1.868142860701916819e+00
1.867578192022365968e+00
1.867014276044951071e+00
1.866451110803056368e+00
1.865888694338467602e+00
1.865327024701322056e+00
1.864766099950057932e+00
1.864205918151364827e+00
1.863646477380134003e+00
1.863087775719409978e+00
1.862529811260341450e+00
1.861972582102132678e+00
1.861416086351996624e+00
1.860860322125106103e+00
1.860305287544547825e+00
1.859750980741275095e+00
1.859197399854060961e+00
1.858644543029452700e+00
1.858092408421726072e+00
1.857540994192839579e+00
1.856990298512389392e+00
1.856440319557564944e+00
1.855891055513104737e+00
1.855342504571251494e+00
1.854794664931709303e+00
1.854247534801599873e+00
1.853701112395419237e+00
1.853155395934995564e+00
1.852610383649446302e+00
1.852066073775136212e+00
1.851522464555635850e+00
1.850979554241679814e+00
1.850437341091125454e+00
1.849895823368912451e+00
1.849354999347021744e+00
1.848814867304435561e+00
1.848275425527097671e+00
1.847736672307873418e+00
1.847198605946510197e+00
1.846661224749598817e+00
1.846124527030534646e+00
1.845588511109478524e+00
1.845053175313319027e+00
1.844518517975634708e+00
1.843984537436655913e+00
1.843451232043227472e+00
1.842918600148772068e+00
1.842386640113252705e+00
1.841855350303136740e+00
1.841324729091358803e+00
1.840794774857285265e+00
1.840265485986678495e+00
1.839736860871661106e+00
1.839208897910680429e+00
1.838681595508474098e+00
1.838154952076034299e+00
1.837628966030574462e+00
1.837103635795493739e+00
1.836578959800343691e+00
1.836054936480794542e+00
1.835531564278600980e+00
1.835008841641569299e+00
1.834486767023524090e+00
1.833965338884275820e+00
1.833444555689587530e+00
1.832924415911142857e+00
1.832404918026513618e+00
1.831886060519128057e+00
1.831367841878239089e+00
1.830850260598892776e+00
1.830333315181897014e+00
1.829817004133790226e+00
1.829301325966810943e+00
1.828786279198867160e+00
1.828271862353505250e+00
1.827758073959880436e+00
1.827244912552726808e+00
1.826732376672326907e+00
1.826220464864482640e+00
1.825709175680485741e+00
1.825198507677088688e+00
1.824688459416475395e+00
1.824179029466233004e+00
1.823670216399322586e+00
1.823162018794051153e+00
1.822654435234043691e+00
1.822147464308214504e+00
1.821641104610740136e+00
1.821135354741030943e+00
1.820630213303704226e+00
1.820125678908556921e+00
1.819621750170538066e+00
1.819118425709722597e+00
1.818615704151284040e+00
1.818113584125468529e+00
1.817612064267567717e+00
1.817111143217893465e+00
1.816610819621751194e+00
1.816111092129414128e+00
1.815611959396097985e+00
1.815113420081935436e+00
1.814615472851950351e+00
1.814118116376032930e+00
1.813621349328915056e+00
1.813125170390144980e+00
1.812629578244062678e+00
1.812134571579775866e+00
1.811640149091135354e+00
1.811146309476710625e+00
1.810653051439766070e+00
1.810160373688237456e+00
1.809668274934707499e+00
1.809176753896383216e+00
1.808685809295071945e+00
1.808195439857158027e+00
1.807705644313580384e+00
1.807216421399808759e+00
1.806727769855821286e+00
1.806239688426082290e+00
1.805752175859519193e+00
1.805265230909500529e+00
1.804778852333813521e+00
1.804293038894642098e+00
1.803807789358545133e+00
1.803323102496434460e+00
1.802838977083553340e+00
1.802355411899454918e+00
1.801872405727981130e+00
1.801389957357241167e+00
1.800908065579590378e+00
1.800426729191609621e+00
1.799945946994084167e+00
1.799465717791983277e+00
1.798986040394439323e+00
1.798506913614727809e+00
1.798028336270246497e+00
1.797550307182495866e+00
1.797072825177058686e+00
1.796595889083580033e+00
1.796119497735747972e+00
1.795643649971273348e+00
1.795168344631870694e+00
1.794693580563238688e+00
1.794219356615040617e+00
1.793745671640885275e+00
1.793272524498308540e+00
1.792799914048753385e+00
1.792327839157551894e+00
1.791856298693906391e+00
1.791385291530870560e+00
1.790914816545331245e+00
1.790444872617990013e+00
1.789975458633344729e+00
1.789506573479672014e+00
1.789038216049008589e+00
1.788570385237133742e+00
1.788103079943551554e+00
1.787636299071472701e+00
1.787170041527797348e+00
1.786704306223097838e+00
1.786239092071601142e+00
1.785774397991171103e+00
1.785310222903292221e+00
1.784846565733051671e+00
1.784383425409123092e+00
1.783920800863749490e+00
1.783458691032726140e+00
1.782997094855384823e+00
1.782536011274576282e+00
1.782075439236654457e+00
1.781615377691459834e+00
1.781155825592303454e+00
1.780696781895950709e+00
1.780238245562604904e+00
1.779780215555891942e+00
1.779322690842844112e+00
1.778865670393884324e+00
1.778409153182810343e+00
1.777953138186779691e+00
1.777497624386293662e+00
1.777042610765182218e+00
1.776588096310588671e+00
1.776134080012954364e+00
1.775680560866003344e+00
1.775227537866728156e+00
1.774775010015374077e+00
1.774322976315424460e+00
1.773871435773586303e+00
1.773420387399775144e+00
1.772969830207100639e+00
1.772519763211852561e+00
1.772070185433485268e+00
1.771621095894604592e+00
1.771172493620952748e+00
1.770724377641394565e+00
1.770276746987903049e+00
1.769829600695546068e+00
1.769382937802471689e+00
1.768936757349894640e+00
1.768491058382082759e+00
1.768045839946342790e+00
1.767601101093007498e+00
1.767156840875421464e+00
1.766713058349928200e+00
1.766269752575856389e+00
1.765826922615506556e+00
1.765384567534138416e+00
1.764942686399957106e+00
1.764501278284100527e+00
1.764060342260626024e+00
1.763619877406497949e+00
1.763179882801574339e+00
1.762740357528594259e+00
1.762301300673165594e+00
1.761862711323751496e+00
1.761424588571659067e+00
1.760986931511025588e+00
1.760549739238806977e+00
1.760113010854765125e+00
1.759676745461455916e+00
1.759240942164216781e+00
1.758805600071154274e+00
1.758370718293132740e+00
1.757936295943761884e+00
1.757502332139384782e+00
1.757068825999066108e+00
1.756635776644580593e+00
1.756203183200400808e+00
1.755771044793685842e+00
1.755339360554269978e+00
1.754908129614650258e+00
1.754477351109976269e+00
1.754047024178037484e+00
1.753617147959252831e+00
1.753187721596658921e+00
1.752758744235899169e+00
1.752330215025212468e+00
1.751902133115421867e+00
1.751474497659924134e+00
1.751047307814677989e+00
1.750620562738194330e+00
1.750194261591524025e+00
1.749768403538248140e+00
1.749342987744467059e+00
1.748918013378789160e+00
1.748493479612321044e+00
1.748069385618656435e+00
1.747645730573865963e+00
1.747222513656486509e+00
1.746799734047511210e+00
1.746377390930378581e+00
1.745955483490962523e+00
1.745534010917562329e+00
1.745112972400892248e+00
1.744692367134071276e+00
1.744272194312613600e+00
1.743852453134417946e+00
1.743433142799758029e+00
1.743014262511272783e+00
1.742595811473956147e+00
1.742177788895147739e+00
1.741760193984522864e+00
1.741343025954082524e+00
1.740926284018144532e+00
1.740509967393333079e+00
1.740094075298570075e+00
1.739678606955065154e+00
1.739263561586306350e+00
1.738848938418050549e+00
1.738434736678314607e+00
1.738020955597365802e+00
1.737607594407712508e+00
1.737194652344095314e+00
1.736782128643477696e+00
1.736370022545036917e+00
1.735958333290154920e+00
1.735547060122409668e+00
1.735136202287566265e+00
1.734725759033567405e+00
1.734315729610525159e+00
1.733906113270711868e+00
1.733496909268551711e+00
1.733088116860611594e+00
1.732679735305592938e+00
1.732271763864322578e+00
1.731864201799744762e+00
1.731457048376911834e+00
1.731050302862976675e+00
1.730643964527183609e+00
1.730238032640860180e+00
1.729832506477409160e+00
1.729427385312299670e+00
1.729022668423059184e+00
1.728618355089265313e+00
1.728214444592537813e+00
1.727810936216530147e+00
1.727407829246921711e+00
1.727005122971409179e+00
1.726602816679699393e+00
1.726200909663500482e+00
1.725799401216514539e+00
1.725398290634429621e+00
1.724997577214911759e+00
1.724597260257597187e+00
1.724197339064084789e+00
1.723797812937927887e+00
1.723398681184627357e+00
1.722999943111622967e+00
1.722601598028286496e+00
1.722203645245914183e+00
1.721806084077718735e+00
1.721408913838821997e+00
1.721012133846247849e+00
1.720615743418914212e+00
1.720219741877626163e+00
1.719824128545068387e+00
1.719428902745797627e+00
1.719034063806235801e+00
1.718639611054662675e+00
1.718245543821208532e+00
1.717851861437847294e+00
1.717458563238388747e+00
1.717065648558472324e+00
1.716673116735559335e+00
1.716280967108926303e+00
1.715889199019658085e+00
1.715497811810640316e+00
1.715106804826553422e+00
1.714716177413865061e+00
1.714325928920823250e+00
1.713936058697449916e+00
1.713546566095533796e+00
1.713157450468623999e+00
1.712768711172023117e+00
1.712380347562780569e+00
1.711992358999685715e+00
1.711604744843261861e+00
1.711217504455759153e+00
1.710830637201147919e+00
1.710444142445112670e+00
1.710058019555045217e+00
1.709672267900038234e+00
1.709286886850879261e+00
1.708901875780043600e+00
1.708517234061688539e+00
1.708132961071646916e+00
1.707749056187420678e+00
1.707365518788174441e+00
1.706982348254729720e+00
1.706599543969558486e+00
1.706217105316776950e+00
1.705835031682139347e+00
1.705453322453031939e+00
1.705071977018467022e+00
1.704690994769076484e+00
1.704310375097106256e+00
1.703930117396410315e+00
1.703550221062444026e+00
1.703170685492258807e+00
1.702791510084496363e+00
1.702412694239382240e+00
1.702034237358720059e+00
1.701656138845886401e+00
1.701278398105823930e+00
1.700901014545036283e+00
1.700523987571582518e+00
1.700147316595070679e+00
1.699771001026652684e+00
1.699395040279018554e+00
1.699019433766390419e+00
1.698644180904517187e+00
1.698269281110669215e+00
1.697894733803632317e+00
1.697520538403702428e+00
1.697146694332680061e+00
1.696773201013864751e+00
1.696400057872049727e+00
1.696027264333516582e+00
1.695654819826029280e+00
1.695282723778829714e+00
1.694910975622631710e+00
1.694539574789615477e+00
1.694168520713423165e+00
1.693797812829152871e+00
1.693427450573353532e+00
1.693057433384019816e+00
1.692687760700587019e+00
1.692318431963925507e+00
1.691949446616336061e+00
1.691580804101544100e+00
1.691212503864695016e+00
1.690844545352349293e+00
1.690476928012476954e+00
1.690109651294452675e+00
1.689742714649050903e+00
1.689376117528440968e+00
1.689009859386181533e+00
1.688643939677216377e+00
1.688278357857868839e+00
1.687913113385837605e+00
1.687548205720191152e+00
1.687183634321363090e+00
1.686819398651147717e+00
1.686455498172694689e+00
1.686091932350504585e+00
1.685728700650424017e+00
1.685365802539640523e+00
1.685003237486678795e+00
1.684641004961394684e+00
1.684279104434971863e+00
1.683917535379916064e+00
1.683556297270050850e+00
1.683195389580513401e+00
1.682834811787749185e+00
1.682474563369507958e+00
1.682114643804838883e+00
1.681755052574086085e+00
1.681395789158884213e+00
1.681036853042154000e+00
1.680678243708097375e+00
1.680319960642193466e+00
1.679962003331193943e+00
1.679604371263118789e+00
1.679247063927251649e+00
1.678890080814135821e+00
1.678533421415569382e+00
1.678177085224601184e+00
1.677821071735526637e+00
1.677465380443883047e+00
1.677110010846445842e+00
1.676754962441223906e+00
1.676400234727455363e+00
1.676045827205603578e+00
1.675691739377352718e+00
1.675337970745603755e+00
1.674984520814470024e+00
1.674631389089273670e+00
1.674278575076540765e+00
1.673926078283997532e+00
1.673573898220566791e+00
1.673222034396362856e+00
1.672870486322687977e+00
1.672519253512028570e+00
1.672168335478050993e+00
1.671817731735597334e+00
1.671467441800681630e+00
1.671117465190485651e+00
1.670767801423355348e+00
1.670418450018796852e+00
1.670069410497472262e+00
1.669720682381195864e+00
1.669372265192930360e+00
1.669024158456782869e+00
1.668676361698001376e+00
1.668328874442970289e+00
1.667981696219207333e+00
1.667634826555359329e+00
1.667288264981198642e+00
1.666942011027618964e+00
1.666596064226631979e+00
1.666250424111363593e+00
1.665905090216050377e+00
1.665560062076035130e+00
1.665215339227764213e+00
1.664870921208783106e+00
1.664526807557732857e+00
1.664182997814346976e+00
1.663839491519447433e+00
1.663496288214940666e+00
1.663153387443814690e+00
1.662810788750135327e+00
1.662468491679042204e+00
1.662126495776745649e+00
1.661784800590523137e+00
1.661443405668715734e+00
1.661102310560724327e+00
1.660761514817006512e+00
1.660421017989072823e+00
1.660080819629483839e+00
1.659740919291845751e+00
1.659401316530807913e+00
1.659062010902059070e+00
1.658723001962323584e+00
1.658384289269358325e+00
1.658045872381950003e+00
1.657707750859910512e+00
1.657369924264074479e+00
1.657032392156295719e+00
1.656695154099443901e+00
1.656358209657401437e+00
1.656021558395059490e+00
1.655685199878315750e+00
1.655349133674070661e+00
1.655013359350223645e+00
1.654677876475670883e+00
1.654342684620301540e+00
1.654007783354994432e+00
1.653673172251615142e+00
1.653338850883012912e+00
1.653004818823017086e+00
1.652671075646434007e+00
1.652337620929044570e+00
1.652004454247600007e+00
1.651671575179819884e+00
1.651338983304388108e+00
1.651006678200950262e+00
1.650674659450110493e+00
1.650342926633428409e+00
1.650011479333415965e+00
1.649680317133534801e+00
1.649349439618192692e+00
1.649018846372740876e+00
1.648688536983470732e+00
1.648358511037611107e+00
1.648028768123325438e+00
1.647699307829708637e+00
1.647370129746783762e+00
1.647041233465499799e+00
1.646712618577728104e+00
1.646384284676259746e+00
1.646056231354802835e+00
1.645728458207979195e+00
1.645400964831321700e+00
1.645073750821271608e+00
1.644746815775175230e+00
1.644420159291281713e+00
1.644093780968739704e+00
1.643767680407594467e+00
1.643441857208785439e+00
1.643116310974143346e+00
1.642791041306387534e+00
1.642466047809122642e+00
1.642141330086836382e+00
1.641816887744896647e+00
1.641492720389548854e+00
1.641168827627912830e+00
1.640845209067980370e+00
1.640521864318613021e+00
1.640198792989538301e+00
1.639875994691347927e+00
1.639553469035494704e+00
1.639231215634289862e+00
1.638909234100900836e+00
1.638587524049347932e+00
1.638266085094502333e+00
1.637944916852082988e+00
1.637624018938654391e+00
1.637303390971623696e+00
1.636983032569238272e+00
1.636662943350583266e+00
1.636343122935578265e+00
1.636023570944975969e+00
1.635704287000358637e+00
1.635385270724136086e+00
1.635066521739542811e+00
1.634748039670635533e+00
1.634429824142291210e+00
1.634111874780203699e+00
1.633794191210881763e+00
1.633476773061646625e+00
1.633159619960629305e+00
1.632842731536768177e+00
1.632526107419806527e+00
1.632209747240290332e+00
1.631893650629565595e+00
1.631577817219775683e+00
1.631262246643859770e+00
1.630946938535549284e+00
1.630631892529366578e+00
1.630317108260621817e+00
1.630002585365410761e+00
1.629688323480612544e+00
1.629374322243887452e+00
1.629060581293674259e+00
1.628747100269187786e+00
1.628433878810417124e+00
1.628120916558122744e+00
1.627808213153834727e+00
1.627495768239849872e+00
1.627183581459229700e+00
1.626871652455798234e+00
1.626559980874139777e+00
1.626248566359596248e+00
1.625937408558265185e+00
1.625626507116997743e+00
1.625315861683396035e+00
1.625005471905811127e+00
1.624695337433340825e+00
1.624385457915827002e+00
1.624075833003854274e+00
1.623766462348747108e+00
1.623457345602567825e+00
1.623148482418114158e+00
1.622839872448917919e+00
1.622531515349241671e+00
1.622223410774077612e+00
1.621915558379144473e+00
1.621607957820886403e+00
1.621300608756469863e+00
1.620993510843782293e+00
1.620686663741429445e+00
1.620380067108733391e+00
1.620073720605730738e+00
1.619767623893170194e+00
1.619461776632510563e+00
1.619156178485918751e+00
1.618850829116267542e+00
1.618545728187133825e+00
1.618240875362796150e+00
1.617936270308232949e+00
1.617631912689120544e+00
1.617327802171830919e+00
1.617023938423429730e+00
1.616720321111674519e+00
1.616416949905012279e+00
1.616113824472577898e+00
1.615810944484191936e+00
1.615508309610358628e+00
1.615205919522263889e+00
1.614903773891773753e+00
1.614601872391431714e+00
1.614300214694457170e+00
1.613998800474743645e+00
1.613697629406856349e+00
1.613396701166030844e+00
1.613096015428170604e+00
1.612795571869845235e+00
1.612495370168288700e+00
1.612195410001397544e+00
1.611895691047728452e+00
1.611596212986496912e+00
1.611296975497575001e+00
1.610997978261489605e+00
1.610699220959420641e+00
1.610400703273199063e+00
1.610102424885305306e+00
1.609804385478866839e+00
1.609506584737656620e+00
1.609209022346091755e+00
1.608911697989230838e+00
1.608614611352772616e+00
1.608317762123053996e+00
1.608021149987048481e+00
1.607724774632364184e+00
1.607428635747242041e+00
1.607132733020553816e+00
1.606837066141800774e+00
1.606541634801111673e+00
1.606246438689240774e+00
1.605951477497566504e+00
1.605656750918089237e+00
1.605362258643429962e+00
1.605068000366828285e+00
1.604773975782140871e+00
1.604480184583839453e+00
1.604186626467009269e+00
1.603893301127347737e+00
1.603600208261161786e+00
1.603307347565366969e+00
1.603014718737485467e+00
1.602722321475644307e+00
1.602430155478574036e+00
1.602138220445606720e+00
1.601846516076674387e+00
1.601555042072307034e+00
1.601263798133631511e+00
1.600972783962369528e+00
1.600681999260835875e+00
1.600391443731937313e+00
1.600101117079170576e+00
1.599811019006620372e+00
1.599521149218958493e+00
1.599231507421441600e+00
1.598942093319909885e+00
1.598652906620785741e+00
1.598363947031071319e+00
1.598075214258347643e+00
1.597786708010773049e+00
1.597498427997080972e+00
1.597210373926579052e+00
1.596922545509147140e+00
1.596634942455235739e+00
1.596347564475864678e+00
1.596060411282621327e+00
1.595773482587659275e+00
1.595486778103696324e+00
1.595200297544013601e+00
1.594914040622453566e+00
1.594628007053418450e+00
1.594342196551869151e+00
1.594056608833323008e+00
1.593771243613853139e+00
1.593486100610086220e+00
1.593201179539201151e+00
1.592916480118927947e+00
1.592632002067545960e+00
1.592347745103882106e+00
1.592063708947309753e+00
1.591779893317747163e+00
1.591496297935656168e+00
1.591212922522040163e+00
